1.0	4	5	0.43	243.73	2.34	10.47	0.31	0.53	4.9
1.0	16	4	0.61	192.16	2.84	8.95	0.38	0.54	14.27
1.0	28	5	0.59	221.58	3.33	8.66	0.32	0.57	24.03
1.0	26	9	0.53	316.25	2.92	11.65	0.33	0.55	23.36
1.0	12	8	0.49	254.71	2.19	10.61	0.33	0.58	12.03
1.0	19	8	0.58	273.83	3.77	11.61	0.33	0.49	17.41
1.0	9	5	0.51	246.26	1.76	14.38	0.39	0.42	8.64
1.0	27	5	0.45	193.87	1.45	14.99	0.36	0.44	24.08
1.0	29	9	0.47	210.82	4.38	11.86	0.39	0.53	26.24
1.0	15	9	0.55	213.28	4.5	12.82	0.35	0.54	14.4
1.0	20	3	0.36	197.0	4.88	11.65	0.31	0.58	18.38
1.0	21	9	0.49	223.66	2.2	9.25	0.38	0.39	19.14
1.0	28	9	0.46	205.05	4.03	9.81	0.37	0.59	24.48
1.0	3	4	0.44	296.61	4.38	11.73	0.35	0.37	3.38
1.0	15	3	0.48	288.59	1.61	14.35	0.38	0.4	14.89
1.0	13	3	0.42	221.81	4.78	10.74	0.27	0.6	13.4
1.0	21	3	0.54	327.5	4.39	14.86	0.36	0.45	18.45
1.0	31	9	0.48	308.35	1.39	9.27	0.35	0.59	26.84
1.0	6	5	0.49	226.64	3.7	12.39	0.35	0.53	6.65
1.0	8	9	0.53	315.02	4.46	10.62	0.36	0.4	8.76
1.0	26	9	0.4	211.03	2.87	8.61	0.32	0.37	25.6
1.0	22	7	0.44	242.38	1.6	8.96	0.32	0.4	19.58
1.0	18	8	0.53	244.14	3.69	9.06	0.27	0.42	17.01
1.0	21	4	0.48	313.27	4.29	14.27	0.29	0.4	18.11
1.0	11	6	0.38	259.11	3.52	8.82	0.39	0.38	10.35
1.0	29	5	0.52	245.95	3.55	11.46	0.37	0.58	24.77
1.0	17	9	0.53	187.16	1.57	12.18	0.32	0.58	16.69
1.0	21	5	0.57	292.67	4.24	11.5	0.35	0.36	19.59
1.0	13	5	0.37	258.26	4.67	12.09	0.29	0.46	12.09
1.0	31	6	0.48	196.92	3.99	13.33	0.32	0.38	29.53
1.0	24	6	0.41	257.95	2.66	14.02	0.29	0.37	21.73
1.0	23	6	0.51	289.23	1.92	13.96	0.39	0.42	23.83
1.0	28	7	0.46	270.78	1.47	12.1	0.31	0.43	28.2
1.0	5	6	0.45	316.78	3.27	11.33	0.38	0.45	5.8
1.0	5	7	0.38	220.73	4.23	13.64	0.28	0.38	5.65
1.0	10	6	0.55	210.1	4.84	11.08	0.35	0.53	9.35
1.0	9	8	0.57	213.45	4.58	9.36	0.32	0.51	10.06
1.0	17	7	0.52	278.38	3.14	14.15	0.27	0.4	15.96
1.0	30	8	0.42	324.94	2.3	12.54	0.38	0.46	30.61
1.0	8	4	0.5	187.47	4.04	9.28	0.33	0.52	8.28
1.0	4	4	0.46	189.59	4.07	8.18	0.31	0.44	4.89
1.0	14	6	0.4	198.9	1.62	10.63	0.35	0.49	13.36
1.0	19	5	0.38	274.66	1.42	9.94	0.29	0.48	17.87
1.0	3	9	0.46	268.98	4.26	9.33	0.31	0.43	5.88
1.0	4	3	0.6	270.61	4.97	11.4	0.38	0.46	4.13
1.0	21	3	0.57	230.44	3.92	12.05	0.38	0.59	18.03
1.0	6	7	0.38	247.2	4.24	12.23	0.35	0.43	6.96
1.0	27	3	0.36	190.31	3.89	9.14	0.36	0.46	22.92
1.0	31	4	0.4	274.38	3.98	8.43	0.32	0.56	26.05
1.0	19	6	0.42	199.69	2.54	13.31	0.32	0.59	20.62
1.0	15	4	0.52	267.78	2.15	12.72	0.31	0.57	14.2
1.0	11	9	0.51	253.84	3.97	10.55	0.3	0.48	11.34
1.0	12	7	0.5	293.25	3.73	11.19	0.27	0.48	11.55
1.0	24	3	0.48	252.03	2.88	13.61	0.28	0.5	21.13
1.0	27	3	0.47	265.46	2.01	14.82	0.29	0.58	27.43
1.0	3	9	0.42	210.99	3.76	10.54	0.27	0.38	4.54
1.0	16	9	0.47	328.77	1.41	11.22	0.38	0.39	15.04
1.0	7	4	0.61	247.8	3.89	9.39	0.27	0.37	6.44
1.0	15	7	0.45	313.9	4.57	13.06	0.28	0.42	13.7
1.0	17	9	0.39	246.18	2.79	12.62	0.33	0.46	18.7
1.0	12	8	0.61	212.0	4.48	8.2	0.28	0.35	12.24
1.0	21	9	0.61	324.27	4.01	13.71	0.4	0.38	21.38
1.0	12	3	0.46	308.05	4.91	13.48	0.36	0.57	10.56
1.0	22	6	0.55	235.56	3.79	9.91	0.31	0.4	22.23
1.0	19	7	0.59	295.14	3.67	14.17	0.35	0.46	19.73
1.0	7	5	0.4	328.15	4.09	12.86	0.32	0.52	7.04
1.0	10	8	0.57	294.74	2.11	12.0	0.31	0.39	10.33
1.0	6	4	0.48	319.67	1.74	12.89	0.3	0.55	5.76
1.0	22	8	0.4	255.55	3.13	14.87	0.31	0.35	23.4
1.0	22	4	0.57	325.45	1.98	9.86	0.31	0.58	18.51
1.0	7	9	0.52	194.44	1.48	11.57	0.34	0.47	8.85
1.0	7	9	0.59	219.38	2.1	11.2	0.28	0.38	7.87
1.0	12	6	0.46	220.35	4.35	9.5	0.27	0.53	12.31
1.0	31	3	0.62	270.49	2.35	11.0	0.35	0.42	27.78
1.0	5	5	0.46	306.39	1.81	14.16	0.37	0.49	5.63
1.0	15	9	0.45	245.18	3.34	14.43	0.38	0.38	14.68
1.0	25	7	0.42	328.09	2.98	13.44	0.35	0.51	21.87
1.0	17	5	0.62	227.6	3.62	10.01	0.28	0.36	15.99
1.0	18	6	0.63	273.0	2.14	13.73	0.33	0.57	15.87
1.0	9	5	0.46	240.05	4.86	10.05	0.3	0.41	9.78
1.0	6	9	0.45	288.32	2.17	12.5	0.36	0.44	7.55
1.0	28	5	0.55	270.06	3.8	9.72	0.37	0.4	26.66
1.0	12	8	0.52	333.83	4.23	14.57	0.33	0.59	13.23
1.0	5	9	0.6	294.87	3.71	12.33	0.32	0.5	6.78
1.0	11	7	0.37	253.87	1.65	14.09	0.34	0.5	11.62
1.0	23	5	0.63	215.04	3.76	8.82	0.36	0.35	21.46
1.0	3	5	0.52	265.49	3.47	9.88	0.3	0.42	3.43
1.0	14	7	0.58	265.0	2.04	13.62	0.32	0.4	13.76
1.0	19	6	0.44	323.18	3.63	14.04	0.34	0.44	16.86
1.0	24	3	0.41	279.5	1.5	9.62	0.38	0.55	20.71
1.0	31	4	0.42	318.13	4.38	12.2	0.39	0.37	25.95
1.0	11	6	0.42	198.7	4.31	14.42	0.36	0.57	11.72
1.0	14	5	0.36	296.4	2.13	13.83	0.3	0.46	12.56
1.0	8	6	0.56	273.2	3.04	10.2	0.38	0.38	7.97
1.0	24	4	0.6	286.04	3.54	9.43	0.37	0.43	20.99
1.0	17	5	0.63	285.94	2.29	11.33	0.36	0.52	15.93
1.0	15	6	0.46	248.08	4.7	9.2	0.3	0.56	14.26
1.0	7	7	0.53	203.6	2.74	14.34	0.37	0.58	7.48
1.0	13	3	0.43	254.16	2.13	12.99	0.36	0.48	11.56
1.0	8	7	0.6	290.08	2.65	11.45	0.29	0.6	8.93
1.0	14	7	0.36	247.81	4.59	9.64	0.37	0.55	13.6
1.0	27	3	0.37	253.33	3.4	14.57	0.38	0.42	27.67
1.0	5	4	0.57	273.33	4.73	8.44	0.31	0.4	5.15
1.0	7	4	0.36	228.22	1.95	14.5	0.33	0.4	6.74
1.0	18	8	0.37	184.58	1.87	8.31	0.33	0.48	18.29
1.0	11	9	0.39	181.68	2.14	8.23	0.35	0.41	10.84
1.0	7	8	0.55	225.13	1.57	11.4	0.36	0.46	7.54
1.0	10	5	0.46	195.91	3.54	14.17	0.29	0.49	9.43
1.0	27	8	0.61	252.75	2.22	14.18	0.37	0.45	26.81
1.0	16	8	0.61	295.2	3.3	10.8	0.36	0.35	15.05
1.0	22	9	0.52	219.11	2.57	10.63	0.3	0.43	19.96
1.0	3	3	0.5	284.41	3.4	9.36	0.31	0.37	3.91
1.0	29	3	0.46	239.41	4.83	10.29	0.27	0.42	24.26
1.0	21	7	0.42	307.81	2.63	13.03	0.33	0.35	20.15
1.0	28	9	0.51	198.01	3.4	10.99	0.34	0.54	25.06
1.0	16	8	0.62	250.94	1.58	11.86	0.31	0.51	14.61
1.0	30	6	0.57	266.87	4.12	13.0	0.32	0.53	27.99
1.0	21	5	0.48	321.85	2.47	11.89	0.4	0.42	19.96
1.0	27	8	0.63	273.47	3.79	14.86	0.33	0.57	23.75
1.0	26	3	0.37	322.2	2.35	12.54	0.36	0.49	22.33
1.0	31	4	0.54	221.84	2.24	12.03	0.31	0.43	25.78
1.0	20	9	0.59	269.44	1.57	10.75	0.35	0.44	18.1
1.0	21	8	0.36	222.41	4.06	14.85	0.29	0.53	18.81
1.0	5	3	0.51	210.5	3.46	12.21	0.38	0.42	5.45
1.0	16	4	0.4	224.98	3.82	11.54	0.32	0.56	14.18
1.0	16	9	0.5	297.59	3.52	9.03	0.4	0.36	16.47
1.0	9	8	0.58	208.74	2.58	8.14	0.39	0.58	9.61
1.0	18	6	0.44	250.8	2.78	8.53	0.31	0.47	16.45
1.0	20	3	0.44	199.33	3.04	14.23	0.27	0.42	17.98
1.0	9	3	0.47	207.0	3.05	11.21	0.35	0.52	7.84
1.0	27	3	0.47	251.64	1.92	12.98	0.28	0.5	22.64
1.0	4	9	0.47	312.95	2.51	8.69	0.38	0.45	5.76
1.0	21	5	0.53	277.91	3.88	12.22	0.39	0.53	19.54
1.0	4	7	0.54	210.25	3.96	11.8	0.36	0.59	5.24
1.0	30	8	0.62	192.32	2.82	10.12	0.27	0.38	26.14
1.0	15	8	0.44	312.39	2.2	12.84	0.37	0.37	15.35
1.0	20	7	0.54	328.45	1.55	9.1	0.37	0.51	20.5
1.0	16	3	0.5	252.41	2.82	13.38	0.37	0.48	13.58
1.0	8	7	0.53	228.63	1.41	11.94	0.29	0.46	8.45
1.0	17	9	0.54	279.65	2.83	14.37	0.38	0.54	18.81
1.0	30	9	0.61	304.54	2.26	9.81	0.37	0.57	27.42
1.0	12	5	0.43	307.01	1.72	14.24	0.28	0.44	12.23
1.0	13	3	0.42	261.28	1.5	9.39	0.33	0.54	12.49
1.0	15	9	0.6	198.69	2.96	12.02	0.33	0.52	15.24
1.0	11	7	0.63	183.43	4.29	11.7	0.33	0.47	11.76
1.0	29	7	0.38	267.2	3.13	9.31	0.28	0.52	28.18
1.0	11	9	0.55	235.06	4.19	14.29	0.31	0.55	12.72
1.0	31	8	0.5	333.24	2.84	14.66	0.3	0.57	27.9
1.0	19	5	0.44	286.85	3.73	13.42	0.28	0.49	17.68
1.0	13	7	0.35	265.9	4.77	8.58	0.29	0.46	12.62
1.0	22	5	0.59	208.3	3.76	11.24	0.39	0.57	22.06
1.0	12	3	0.36	191.91	3.01	14.17	0.37	0.52	12.39
1.0	3	6	0.44	257.56	2.9	9.79	0.4	0.52	4.42
1.0	26	4	0.37	268.49	2.61	14.72	0.33	0.56	23.11
1.0	27	6	0.46	204.88	4.03	13.69	0.29	0.35	24.2
1.0	29	7	0.38	280.05	3.52	12.56	0.28	0.37	24.98
1.0	13	3	0.37	318.5	4.22	11.56	0.28	0.49	12.97
1.0	28	9	0.59	193.77	2.42	11.83	0.32	0.46	24.6
1.0	18	9	0.42	214.86	1.57	11.77	0.37	0.37	19.79
1.0	12	3	0.35	304.68	4.33	8.48	0.39	0.5	10.57
1.0	18	5	0.62	291.32	1.8	8.67	0.32	0.47	15.85
1.0	20	7	0.46	274.37	2.19	11.85	0.33	0.38	17.69
1.0	10	8	0.36	203.43	1.66	8.73	0.34	0.47	10.31
1.0	6	6	0.4	311.83	4.34	10.32	0.33	0.36	6.08
1.0	25	3	0.49	212.79	2.14	10.97	0.35	0.37	21.26
1.0	24	8	0.48	303.49	3.66	14.23	0.36	0.58	21.51
1.0	27	9	0.58	201.58	3.24	13.56	0.34	0.57	27.24
1.0	23	4	0.49	279.2	4.12	13.13	0.38	0.39	21.23
1.0	9	6	0.4	305.21	4.39	12.75	0.33	0.44	9.0
1.0	22	4	0.39	281.13	3.15	10.79	0.33	0.41	20.32
1.0	14	5	0.6	244.68	1.82	12.74	0.37	0.43	13.63
1.0	26	5	0.35	267.87	4.88	9.42	0.37	0.38	24.95
1.0	5	3	0.36	207.27	2.39	14.32	0.35	0.48	5.46
1.0	13	6	0.42	265.57	4.73	14.99	0.32	0.42	13.53
1.0	4	5	0.55	289.8	2.05	13.9	0.34	0.36	5.33
1.0	25	5	0.55	289.29	2.59	14.85	0.31	0.37	21.35
1.0	27	9	0.57	310.65	3.59	14.98	0.37	0.57	25.47
1.0	25	9	0.46	280.88	4.53	10.33	0.3	0.4	23.25
1.0	20	7	0.51	282.01	3.96	11.3	0.33	0.36	18.7
1.0	18	3	0.4	209.66	2.06	11.8	0.34	0.39	15.28
1.0	5	9	0.51	329.82	4.04	14.4	0.32	0.38	6.98
1.0	13	7	0.37	301.36	3.98	11.14	0.39	0.39	12.97
1.0	27	8	0.42	310.5	4.48	11.04	0.32	0.58	24.21
1.0	20	3	0.45	258.78	3.66	13.19	0.33	0.56	18.67
1.0	15	3	0.4	309.01	3.12	15.0	0.4	0.5	13.94
1.0	12	3	0.49	323.9	2.43	8.16	0.4	0.56	11.6
1.0	20	9	0.41	326.89	2.1	8.48	0.37	0.44	18.89
1.0	27	6	0.52	273.56	2.53	11.63	0.39	0.36	28.6
1.0	4	3	0.56	221.02	3.73	14.04	0.34	0.47	4.5
1.0	19	9	0.55	299.82	4.33	8.36	0.37	0.45	20.67
1.0	17	8	0.61	185.03	1.83	13.42	0.33	0.41	17.83
1.0	21	8	0.46	217.53	1.78	8.51	0.38	0.41	19.54
1.0	16	6	0.51	280.16	4.26	8.52	0.35	0.59	14.28
1.0	14	9	0.36	266.64	1.89	8.81	0.32	0.42	14.8
1.0	31	8	0.49	291.24	3.07	10.16	0.36	0.43	27.97
1.0	4	7	0.57	246.65	3.36	14.75	0.36	0.48	4.93
1.0	27	6	0.55	199.62	2.85	8.17	0.28	0.57	25.14
1.0	30	8	0.49	284.55	2.04	11.19	0.31	0.35	26.05
1.0	25	4	0.43	269.03	3.8	9.36	0.35	0.55	23.13
1.0	8	7	0.62	312.95	1.85	13.91	0.3	0.6	8.23
1.0	3	5	0.61	198.17	3.61	9.0	0.38	0.47	3.93
1.0	6	9	0.43	206.06	3.71	11.23	0.4	0.58	7.28
1.0	4	6	0.37	192.98	2.28	12.32	0.35	0.45	4.54
1.0	22	3	0.6	284.54	1.9	12.92	0.31	0.38	18.92
1.0	24	8	0.6	307.88	2.35	13.53	0.27	0.37	21.78
1.0	24	3	0.52	219.4	3.76	9.5	0.31	0.55	22.74
1.0	23	8	0.52	301.19	4.67	14.75	0.28	0.38	20.69
1.0	18	9	0.43	291.71	4.73	12.04	0.28	0.39	17.86
1.0	14	7	0.38	239.54	2.1	13.12	0.28	0.37	12.75
1.0	14	4	0.4	319.7	4.86	12.36	0.37	0.57	13.7
1.0	22	4	0.46	231.3	3.27	8.68	0.37	0.41	18.53
1.0	23	5	0.55	293.55	3.18	13.49	0.31	0.42	21.64
1.0	6	3	0.36	273.94	3.17	13.06	0.38	0.6	6.09
1.0	18	9	0.47	317.57	4.13	13.72	0.36	0.5	19.7
1.0	14	8	0.41	224.87	1.91	13.44	0.39	0.5	14.01
1.0	3	7	0.42	289.97	3.85	14.44	0.36	0.49	4.07
1.0	5	3	0.62	273.92	2.3	13.48	0.33	0.46	5.26
1.0	27	7	0.5	197.04	4.79	8.5	0.38	0.42	23.57
1.0	11	7	0.44	201.19	1.75	13.95	0.3	0.37	10.83
1.0	9	8	0.43	324.16	3.38	10.32	0.37	0.4	10.77
1.0	3	3	0.59	282.77	1.52	12.11	0.36	0.44	3.27
1.0	14	9	0.54	211.42	4.39	11.78	0.39	0.52	16.4
1.0	9	8	0.42	308.94	2.37	8.38	0.28	0.36	8.99
1.0	20	6	0.38	294.52	4.8	8.76	0.32	0.44	19.27
1.0	15	8	0.37	186.42	2.8	10.02	0.37	0.44	14.4
1.0	7	3	0.55	295.56	2.23	12.2	0.27	0.4	7.03
1.0	19	4	0.48	283.83	1.96	9.92	0.28	0.5	17.23
1.0	6	3	0.62	312.91	2.33	8.91	0.39	0.44	5.34
1.0	19	9	0.36	227.12	4.44	14.7	0.34	0.49	17.23
1.0	21	5	0.55	219.59	2.62	13.98	0.35	0.55	18.03
1.0	19	6	0.47	186.91	2.47	9.79	0.34	0.5	17.96
1.0	31	6	0.4	207.8	1.62	12.58	0.33	0.43	31.46
1.0	10	4	0.57	273.38	3.29	12.81	0.28	0.44	10.13
1.0	6	4	0.39	262.02	1.62	11.17	0.35	0.58	6.82
1.0	31	5	0.5	225.27	1.43	9.09	0.38	0.44	29.02
1.0	26	7	0.49	276.76	2.44	11.85	0.36	0.36	23.47
1.0	7	9	0.44	183.93	2.27	13.06	0.28	0.4	9.48
1.0	23	3	0.57	215.05	4.56	10.51	0.32	0.41	19.76
1.0	11	9	0.53	303.16	1.42	9.06	0.39	0.6	11.49
1.0	22	6	0.38	255.48	4.68	9.0	0.39	0.42	21.69
1.0	10	6	0.58	264.57	3.08	13.41	0.28	0.53	9.88
1.0	6	4	0.61	313.26	3.63	12.81	0.29	0.45	6.66
1.0	5	6	0.43	324.28	4.77	12.68	0.38	0.41	6.0
1.0	14	7	0.41	216.77	4.92	8.37	0.36	0.48	12.88
1.0	17	9	0.54	287.97	3.07	14.62	0.37	0.46	16.37
1.0	14	5	0.45	231.29	1.49	10.54	0.38	0.35	12.89
1.0	11	7	0.5	307.44	4.95	10.19	0.4	0.41	10.37
1.0	13	4	0.4	322.12	3.39	10.87	0.33	0.42	11.18
1.0	19	5	0.43	241.52	4.46	13.73	0.32	0.5	17.34
1.0	15	5	0.37	287.09	3.34	13.2	0.34	0.35	14.2
1.0	20	6	0.55	325.9	4.76	13.02	0.34	0.4	20.42
1.0	4	9	0.59	279.52	3.79	14.08	0.28	0.58	6.94
1.0	8	8	0.44	264.95	3.66	10.06	0.33	0.58	8.7
1.0	31	5	0.46	208.02	2.06	11.14	0.3	0.42	26.78
1.0	22	4	0.52	216.73	2.35	11.19	0.34	0.41	20.2
1.0	7	9	0.52	193.93	2.3	14.96	0.31	0.54	7.7
1.0	11	9	0.55	320.99	3.01	13.31	0.31	0.37	11.72
1.0	21	7	0.54	305.85	1.52	10.14	0.39	0.48	20.0
1.0	17	3	0.56	310.45	2.49	9.82	0.31	0.39	14.54
1.0	14	4	0.57	184.63	1.59	13.81	0.33	0.47	13.57
1.0	14	5	0.5	302.56	4.43	13.73	0.39	0.55	14.95
1.0	21	3	0.46	284.45	4.97	9.23	0.3	0.51	18.06
1.0	5	7	0.57	267.09	3.54	13.87	0.27	0.56	6.83
1.0	22	4	0.6	203.38	4.9	10.43	0.39	0.51	19.22
1.0	7	5	0.38	229.27	1.56	8.92	0.3	0.47	6.69
1.0	26	8	0.49	223.23	3.45	11.89	0.38	0.51	24.55
1.0	24	8	0.56	251.15	2.33	14.62	0.38	0.59	21.56
1.0	21	8	0.61	285.12	4.0	10.58	0.34	0.47	19.3
1.0	18	7	0.42	325.37	4.66	11.78	0.27	0.44	16.86
1.0	22	8	0.55	279.02	3.86	14.98	0.36	0.36	24.45
1.0	6	3	0.6	223.29	1.71	8.64	0.38	0.58	5.54
1.0	30	8	0.42	320.64	3.24	11.02	0.34	0.54	31.15
1.0	24	6	0.51	242.9	4.42	13.87	0.33	0.48	20.81
1.0	12	6	0.59	221.44	1.59	9.03	0.39	0.42	11.52
1.0	30	9	0.37	191.69	1.42	14.13	0.29	0.52	28.11
1.0	30	8	0.44	212.47	1.35	9.77	0.36	0.37	28.27
1.0	22	3	0.62	324.47	2.95	9.89	0.31	0.36	18.48
1.0	8	8	0.5	263.66	2.41	9.67	0.34	0.45	8.82
1.0	8	4	0.44	280.48	2.11	12.66	0.32	0.48	8.08
1.0	23	8	0.6	262.59	3.7	12.27	0.34	0.49	21.15
1.0	9	6	0.45	196.73	2.67	13.6	0.29	0.53	9.12
1.0	11	4	0.47	314.58	4.49	9.37	0.29	0.48	10.16
1.0	15	8	0.49	293.28	1.35	12.39	0.38	0.43	16.06
1.0	21	6	0.46	288.56	1.42	13.3	0.27	0.4	20.49
1.0	27	9	0.59	180.89	3.36	9.49	0.28	0.44	27.55
1.0	13	5	0.54	308.88	3.9	11.93	0.3	0.53	12.31
1.0	6	4	0.48	196.03	3.62	14.37	0.32	0.49	6.88
1.0	16	6	0.4	333.32	3.64	14.22	0.29	0.47	15.36
1.0	17	6	0.5	325.69	4.77	11.81	0.3	0.37	18.74
1.0	12	4	0.59	295.34	2.2	10.97	0.39	0.39	11.01
1.0	19	9	0.36	215.27	2.95	9.52	0.33	0.36	17.85
1.0	28	3	0.57	235.35	4.38	12.26	0.4	0.58	25.82
1.0	30	8	0.35	224.65	3.48	12.65	0.31	0.38	27.41
1.0	14	5	0.44	307.63	2.74	10.3	0.33	0.4	14.23
1.0	30	5	0.6	239.24	1.36	11.1	0.27	0.46	26.62
1.0	15	5	0.47	326.82	1.99	12.5	0.35	0.35	13.34
1.0	23	6	0.45	213.44	2.02	10.85	0.37	0.37	19.81
1.0	11	6	0.62	239.41	1.61	10.92	0.36	0.59	12.64
1.0	8	4	0.58	308.0	2.58	13.21	0.28	0.57	7.99
1.0	13	3	0.41	266.76	2.69	8.64	0.36	0.39	11.46
1.0	11	3	0.49	320.6	4.73	10.29	0.34	0.49	10.64
1.0	21	3	0.52	311.95	3.9	9.83	0.29	0.47	18.82
1.0	3	7	0.61	282.27	2.92	12.2	0.31	0.51	4.39
1.0	11	7	0.38	315.01	3.52	11.07	0.28	0.43	11.71
1.0	14	7	0.39	231.78	4.89	9.16	0.38	0.56	13.15
1.0	30	7	0.43	246.97	3.18	14.37	0.3	0.47	30.89
1.0	8	5	0.48	215.89	3.89	12.06	0.38	0.45	7.82
1.0	12	8	0.54	273.16	1.94	9.0	0.31	0.35	11.94
1.0	19	4	0.44	279.3	2.14	11.91	0.28	0.57	16.93
1.0	14	5	0.42	204.9	1.78	11.0	0.38	0.36	12.33
1.0	12	5	0.51	255.48	3.9	12.61	0.27	0.56	11.16
1.0	10	3	0.57	245.22	4.43	10.11	0.38	0.4	9.37
1.0	12	8	0.57	288.54	3.78	10.42	0.36	0.46	11.44
1.0	16	5	0.36	197.69	4.69	12.05	0.34	0.56	13.93
1.0	6	9	0.5	261.02	2.16	9.61	0.39	0.58	8.55
1.0	8	8	0.49	327.73	2.83	9.12	0.39	0.49	8.8
1.0	17	9	0.54	258.26	1.34	10.06	0.32	0.47	15.96
1.0	30	5	0.58	265.28	4.31	8.25	0.33	0.38	25.77
1.0	14	5	0.53	279.61	3.0	8.79	0.31	0.49	13.15
1.0	30	4	0.6	241.23	2.76	13.77	0.28	0.55	25.43
1.0	26	4	0.41	257.72	1.36	10.07	0.37	0.38	23.06
1.0	25	9	0.5	295.41	3.83	11.28	0.27	0.36	22.42
1.0	8	6	0.59	282.2	2.25	11.69	0.32	0.49	8.43
1.0	8	8	0.37	201.87	1.72	12.69	0.29	0.35	8.56
1.0	31	4	0.43	199.6	2.31	14.94	0.35	0.57	30.29
1.0	11	8	0.56	223.15	2.72	13.71	0.28	0.58	11.18
1.0	17	5	0.38	202.9	3.59	12.61	0.31	0.37	15.62
1.0	31	7	0.57	261.66	1.4	14.52	0.4	0.56	26.74
1.0	25	3	0.44	199.91	3.76	11.7	0.34	0.38	23.66
1.0	6	4	0.59	290.91	1.4	13.26	0.39	0.57	6.81
1.0	12	3	0.42	215.39	3.37	12.57	0.29	0.47	11.74
1.0	17	4	0.61	266.13	2.68	14.9	0.27	0.5	15.4
1.0	6	8	0.56	210.0	3.1	8.92	0.39	0.44	6.69
1.0	28	5	0.37	223.24	4.66	8.01	0.37	0.47	24.38
1.0	24	7	0.53	222.86	2.14	10.18	0.33	0.36	21.68
1.0	28	5	0.62	270.79	2.11	9.96	0.37	0.45	28.78
1.0	27	7	0.53	299.55	4.96	12.58	0.33	0.45	24.79
1.0	24	7	0.59	227.6	3.23	12.0	0.29	0.49	23.22
1.0	11	4	0.41	251.68	4.79	10.8	0.28	0.5	10.96
1.0	3	3	0.6	266.75	1.45	13.85	0.3	0.56	2.92
1.0	17	3	0.44	214.01	2.57	9.72	0.31	0.43	15.25
1.0	23	7	0.62	233.78	4.75	12.27	0.3	0.43	23.38
1.0	15	6	0.6	240.46	4.48	9.79	0.35	0.37	13.88
1.0	11	8	0.4	262.63	2.32	10.46	0.32	0.6	11.4
1.0	27	5	0.48	280.65	2.22	12.72	0.39	0.46	22.78
1.0	16	7	0.6	229.94	1.61	12.62	0.37	0.43	16.86
1.0	9	8	0.42	222.9	4.62	8.83	0.38	0.52	10.59
1.0	6	7	0.48	291.92	4.51	12.08	0.33	0.54	7.21
1.0	7	7	0.5	274.7	4.13	8.71	0.39	0.36	7.92
1.0	6	4	0.48	290.95	1.88	14.35	0.28	0.42	5.99
1.0	20	3	0.37	283.5	1.71	11.39	0.33	0.43	19.04
1.0	18	7	0.62	295.19	2.95	11.52	0.31	0.48	16.35
1.0	12	9	0.56	317.44	2.65	10.67	0.39	0.38	13.45
1.0	30	9	0.45	201.32	1.64	8.78	0.3	0.55	29.66
1.0	19	6	0.38	228.0	2.37	13.59	0.28	0.36	18.78
1.0	3	9	0.6	286.16	1.47	13.81	0.33	0.52	5.68
1.0	30	6	0.48	299.6	3.95	14.91	0.36	0.51	27.68
1.0	5	5	0.42	236.31	1.96	10.93	0.34	0.46	5.29
1.0	22	4	0.51	190.63	3.88	9.73	0.38	0.53	19.38
1.0	6	8	0.56	323.72	3.91	11.27	0.33	0.53	7.38
1.0	6	4	0.5	280.32	2.83	8.79	0.37	0.44	7.35
1.0	26	6	0.43	328.23	2.61	13.7	0.3	0.45	23.1
1.0	8	3	0.57	277.33	4.46	12.64	0.37	0.56	7.39
1.0	4	7	0.54	190.54	2.61	12.76	0.39	0.52	5.34
1.0	13	3	0.38	239.08	4.74	9.39	0.3	0.38	11.65
1.0	5	8	0.5	217.84	4.42	14.7	0.27	0.37	6.52
1.0	18	5	0.37	263.0	3.36	8.78	0.33	0.56	15.98
1.0	30	6	0.37	332.08	3.64	14.82	0.39	0.42	27.08
1.0	30	5	0.59	186.73	3.96	12.41	0.36	0.56	27.2
1.0	6	5	0.4	197.08	4.35	10.53	0.35	0.59	6.49
1.0	21	5	0.58	310.19	4.35	13.69	0.32	0.44	18.57
1.0	20	7	0.44	264.71	2.82	9.52	0.38	0.36	18.07
1.0	31	5	0.58	194.8	1.81	8.1	0.29	0.52	29.72
1.0	18	9	0.52	315.33	4.86	14.4	0.4	0.48	18.55
1.0	29	8	0.41	318.26	2.2	11.82	0.32	0.54	25.91
1.0	3	8	0.43	285.72	4.44	9.37	0.3	0.51	4.85
1.0	5	6	0.35	303.89	2.1	12.78	0.34	0.35	5.5
1.0	14	6	0.35	256.39	3.55	8.58	0.39	0.48	15.34
1.0	20	7	0.48	252.99	1.97	13.35	0.4	0.45	18.31
1.0	10	5	0.49	225.8	3.19	13.03	0.38	0.4	10.0
1.0	23	8	0.38	324.31	2.13	13.96	0.3	0.41	23.83
1.0	4	7	0.44	190.77	3.8	14.68	0.32	0.44	5.75
1.0	28	6	0.47	251.85	3.9	8.97	0.29	0.57	26.28
1.0	22	9	0.5	318.35	1.37	11.13	0.33	0.35	22.91
1.0	20	9	0.41	285.99	2.64	8.33	0.34	0.53	20.12
1.0	24	7	0.62	217.51	1.67	14.11	0.27	0.37	22.48
1.0	23	4	0.55	304.79	4.93	11.2	0.27	0.48	19.26
1.0	18	5	0.57	224.58	1.48	9.34	0.29	0.52	15.94
1.0	5	8	0.53	312.27	4.93	12.76	0.3	0.43	6.02
1.0	23	5	0.52	275.53	3.89	8.37	0.39	0.45	19.8
1.0	15	9	0.36	194.19	4.34	14.48	0.31	0.44	17.38
1.0	5	6	0.41	278.69	2.43	11.83	0.36	0.57	5.64
1.0	12	3	0.39	271.33	3.63	9.56	0.35	0.5	12.86
1.0	25	5	0.63	303.02	1.94	12.82	0.39	0.46	21.74
1.0	6	3	0.62	278.81	1.88	11.21	0.31	0.51	6.27
1.0	7	5	0.5	296.52	4.84	10.39	0.31	0.59	8.07
1.0	23	8	0.36	243.16	2.95	11.14	0.32	0.53	23.1
1.0	16	4	0.58	331.68	2.58	12.18	0.37	0.47	14.79
1.0	21	7	0.47	202.07	1.71	12.78	0.32	0.51	18.81
1.0	9	7	0.35	180.33	4.04	9.3	0.37	0.39	9.7
1.0	29	3	0.4	305.32	2.9	8.66	0.37	0.45	24.27
1.0	29	3	0.63	291.16	3.59	8.73	0.39	0.5	25.83
1.0	20	5	0.45	327.71	4.2	11.58	0.31	0.36	17.42
1.0	3	4	0.59	306.49	4.67	14.4	0.31	0.37	3.55
1.0	23	4	0.42	218.22	4.01	8.19	0.37	0.4	19.71
1.0	3	4	0.42	288.25	4.13	13.68	0.39	0.43	4.32
1.0	18	7	0.51	239.17	2.31	14.2	0.39	0.52	16.41
1.0	3	8	0.48	326.88	4.6	12.21	0.35	0.36	4.36
1.0	22	6	0.55	317.07	3.24	10.11	0.36	0.44	20.17
1.0	24	5	0.5	271.69	3.13	12.55	0.4	0.58	21.31
1.0	13	4	0.39	284.18	1.72	14.49	0.33	0.56	13.72
1.0	5	7	0.49	192.17	4.6	13.31	0.4	0.41	5.72
1.0	18	5	0.61	323.3	1.68	14.2	0.32	0.47	16.65
1.0	21	7	0.54	201.36	1.99	9.4	0.32	0.54	20.14
1.0	12	7	0.57	306.01	1.93	9.89	0.35	0.44	11.12
1.0	14	9	0.4	317.87	4.95	8.87	0.31	0.36	13.85
1.0	18	6	0.57	185.55	3.33	8.01	0.31	0.48	16.54
1.0	30	5	0.41	331.16	4.05	10.11	0.39	0.57	27.47
1.0	29	3	0.38	281.13	3.66	10.91	0.39	0.38	24.22
1.0	31	5	0.57	187.78	3.01	8.82	0.34	0.47	28.83
1.0	11	6	0.42	228.33	3.77	13.73	0.37	0.6	10.15
1.0	22	9	0.44	302.59	3.01	14.83	0.33	0.49	21.24
1.0	22	9	0.42	289.32	2.34	14.22	0.29	0.56	21.25
1.0	17	9	0.51	304.57	2.78	9.53	0.37	0.6	16.98
1.0	27	5	0.61	209.35	3.04	14.9	0.31	0.58	27.53
1.0	7	5	0.6	319.36	2.63	11.02	0.28	0.59	7.45
1.0	6	8	0.42	319.78	3.78	14.78	0.37	0.55	8.04
1.0	24	6	0.63	254.57	1.7	14.89	0.34	0.52	20.55
1.0	9	6	0.4	280.91	4.23	10.72	0.28	0.58	9.48
1.0	4	4	0.35	276.71	2.53	11.88	0.36	0.47	5.51
1.0	16	8	0.42	255.95	4.97	10.12	0.32	0.37	15.18
1.0	22	3	0.54	190.81	3.13	10.82	0.3	0.46	21.19
1.0	3	6	0.45	281.54	4.05	14.61	0.29	0.51	3.88
1.0	28	6	0.58	219.53	2.28	12.93	0.28	0.41	29.44
1.0	11	6	0.38	269.25	4.54	10.55	0.29	0.53	11.88
1.0	12	3	0.43	271.89	2.66	14.51	0.29	0.4	12.25
1.0	10	6	0.58	243.12	4.12	11.68	0.35	0.53	10.18
1.0	20	9	0.37	269.72	3.36	14.1	0.37	0.38	20.77
1.0	12	4	0.43	291.94	2.64	10.51	0.38	0.49	11.05
1.0	24	9	0.46	296.31	3.35	11.72	0.38	0.45	23.39
1.0	9	8	0.6	308.35	4.37	9.96	0.38	0.51	10.69
1.0	16	9	0.58	243.23	4.09	11.71	0.3	0.47	16.02
1.0	12	5	0.37	278.63	1.7	11.44	0.28	0.35	10.69
1.0	31	4	0.54	320.14	4.57	8.12	0.33	0.39	26.75
1.0	6	8	0.63	238.4	4.68	8.29	0.39	0.43	7.6
1.0	21	9	0.5	297.97	2.98	14.93	0.28	0.39	21.61
1.0	9	5	0.53	234.8	3.41	13.46	0.31	0.45	8.9
1.0	5	7	0.47	318.21	4.94	11.48	0.38	0.5	6.28
1.0	5	4	0.44	324.77	1.55	14.84	0.37	0.45	4.83
1.0	23	7	0.47	333.63	3.93	14.42	0.28	0.41	21.39
1.0	17	7	0.43	333.46	3.97	11.33	0.34	0.39	15.49
1.0	13	3	0.59	199.71	4.24	8.67	0.3	0.37	11.71
1.0	3	6	0.56	213.6	2.76	12.95	0.29	0.59	4.61
1.0	22	9	0.39	280.41	1.6	13.73	0.32	0.51	21.64
1.0	16	9	0.55	202.43	2.02	14.02	0.27	0.47	15.58
1.0	17	6	0.45	322.94	4.18	12.59	0.33	0.53	16.05
1.0	5	8	0.38	291.41	2.86	12.21	0.28	0.57	6.23
1.0	13	3	0.59	226.47	4.65	13.22	0.29	0.57	12.65
1.0	16	8	0.47	278.96	4.3	11.71	0.4	0.42	17.78
1.0	5	6	0.54	237.54	3.66	9.27	0.38	0.54	5.72
1.0	16	8	0.46	249.54	4.91	14.11	0.31	0.44	14.7
1.0	5	7	0.58	226.32	4.21	10.03	0.36	0.46	5.68
1.0	22	5	0.51	212.87	1.49	14.56	0.33	0.57	19.47
1.0	22	9	0.63	278.99	4.3	10.44	0.28	0.38	21.4
1.0	5	7	0.47	321.5	2.34	11.71	0.37	0.44	7.15
1.0	25	3	0.42	252.37	1.71	12.0	0.29	0.38	23.07
1.0	20	3	0.53	311.66	2.06	12.62	0.31	0.4	19.94
1.0	13	7	0.53	310.31	4.1	8.02	0.29	0.52	12.37
1.0	18	5	0.59	184.48	1.94	11.58	0.34	0.58	15.85
1.0	7	8	0.62	181.81	4.75	14.5	0.37	0.4	7.48
1.0	25	3	0.57	208.95	4.17	8.15	0.36	0.48	21.83
1.0	10	5	0.49	328.94	2.36	11.93	0.27	0.4	10.14
1.0	26	8	0.41	253.09	2.53	13.0	0.29	0.36	26.44
1.0	21	5	0.63	319.6	4.64	8.52	0.36	0.41	21.56
1.0	16	3	0.61	287.64	3.3	12.32	0.39	0.58	15.67
1.0	13	4	0.6	182.37	1.62	14.28	0.31	0.52	11.8
1.0	17	3	0.51	284.65	1.92	13.46	0.37	0.44	14.14
1.0	15	7	0.46	248.76	4.33	14.18	0.37	0.41	15.28
1.0	26	7	0.4	311.16	4.72	9.27	0.34	0.38	22.65
1.0	14	7	0.42	298.02	1.91	8.76	0.28	0.51	12.95
1.0	11	3	0.43	330.18	4.26	11.85	0.39	0.37	9.62
1.0	27	5	0.38	236.22	4.19	8.06	0.29	0.54	26.64
1.0	11	8	0.44	183.99	4.01	10.38	0.33	0.36	12.09
1.0	19	4	0.57	313.69	2.24	10.65	0.31	0.55	17.29
1.0	20	4	0.52	209.86	3.13	12.52	0.33	0.5	18.54
1.0	30	9	0.62	279.2	3.43	8.35	0.35	0.45	30.67
1.0	16	4	0.39	240.19	4.34	10.48	0.31	0.4	14.36
1.0	9	6	0.55	280.13	3.44	10.58	0.34	0.51	9.23
1.0	6	8	0.36	230.24	2.19	10.06	0.28	0.44	7.38
1.0	12	8	0.35	331.05	2.31	14.42	0.33	0.58	12.07
1.0	28	9	0.59	331.44	3.2	14.89	0.32	0.43	26.21
1.0	7	4	0.55	208.13	1.78	12.97	0.33	0.45	7.9
1.0	13	8	0.54	313.23	3.74	10.63	0.33	0.38	13.9
1.0	19	9	0.53	221.24	2.32	13.43	0.29	0.57	19.35
1.0	16	7	0.37	292.73	3.78	14.91	0.4	0.58	16.81
1.0	15	8	0.4	326.49	1.99	10.35	0.29	0.48	13.99
1.0	8	5	0.52	202.46	3.23	12.67	0.36	0.57	7.62
1.0	7	4	0.56	244.75	2.32	10.11	0.31	0.38	7.99
1.0	5	9	0.43	212.51	3.06	10.33	0.28	0.49	6.63
1.0	15	3	0.53	265.68	4.04	11.08	0.28	0.55	13.59
1.0	22	9	0.42	236.32	2.48	11.03	0.31	0.45	20.18
1.0	30	8	0.63	252.43	3.33	9.16	0.32	0.43	27.65
1.0	24	8	0.49	281.52	3.57	10.9	0.37	0.5	23.24
1.0	31	7	0.47	241.93	4.09	10.78	0.31	0.53	28.88
1.0	30	5	0.62	251.64	2.97	14.87	0.38	0.43	26.73
1.0	4	3	0.47	316.17	4.78	8.04	0.39	0.52	3.89
1.0	28	8	0.41	292.45	3.99	13.36	0.39	0.48	25.79
1.0	21	6	0.51	282.21	1.88	13.04	0.4	0.36	19.31
1.0	31	4	0.5	279.19	4.1	8.42	0.29	0.44	29.81
1.0	13	8	0.53	227.32	4.36	11.38	0.35	0.5	13.67
1.0	12	7	0.62	238.94	1.98	12.3	0.28	0.43	13.76
1.0	28	4	0.5	298.87	3.97	13.65	0.3	0.5	25.79
1.0	22	3	0.37	190.18	2.14	14.73	0.37	0.53	19.36
1.0	26	9	0.37	287.61	2.24	8.66	0.37	0.47	26.01
1.0	23	6	0.61	191.58	2.96	11.32	0.35	0.58	19.82
1.0	12	5	0.4	205.54	1.44	9.54	0.27	0.41	11.28
1.0	18	6	0.46	329.13	2.08	14.61	0.28	0.45	15.73
1.0	23	8	0.38	218.09	3.55	12.98	0.29	0.58	24.13
1.0	22	3	0.6	270.67	2.4	14.1	0.39	0.56	18.79
1.0	9	4	0.54	211.45	2.03	12.25	0.38	0.4	8.3
1.0	9	4	0.39	304.98	4.68	14.94	0.33	0.41	8.47
1.0	26	4	0.41	321.6	3.53	14.08	0.3	0.38	24.59
1.0	19	4	0.49	201.76	2.54	10.19	0.4	0.39	17.3
1.0	16	8	0.44	268.43	1.49	14.38	0.37	0.58	15.05
1.0	24	9	0.41	255.21	4.62	14.28	0.37	0.36	21.73
1.0	24	4	0.53	270.18	3.54	10.71	0.28	0.39	20.02
1.0	20	6	0.42	220.43	4.23	14.35	0.36	0.5	20.53
1.0	28	5	0.57	200.96	2.23	10.13	0.38	0.57	26.14
1.0	9	4	0.58	311.43	4.94	13.4	0.29	0.39	8.2
1.0	22	8	0.48	253.15	4.43	14.38	0.34	0.58	19.51
1.0	25	8	0.46	289.73	3.8	8.83	0.34	0.48	22.15
1.0	19	4	0.4	296.49	1.4	14.04	0.28	0.41	19.54
1.0	21	7	0.58	198.38	2.4	10.88	0.39	0.58	19.62
1.0	18	6	0.61	316.5	3.11	8.12	0.3	0.51	16.42
1.0	19	3	0.4	331.47	4.37	14.08	0.3	0.49	16.22
1.0	22	8	0.59	308.13	4.56	13.57	0.27	0.46	19.77
1.0	12	5	0.48	234.94	4.94	13.95	0.28	0.43	11.41
1.0	15	6	0.36	195.76	3.81	9.03	0.37	0.48	14.12
1.0	14	7	0.59	303.86	2.18	12.93	0.38	0.48	14.96
1.0	9	3	0.51	236.2	2.21	8.42	0.29	0.36	8.8
1.0	3	9	0.42	271.9	4.9	10.14	0.37	0.44	4.55
1.0	14	7	0.46	258.96	3.35	9.67	0.37	0.49	13.41
1.0	18	6	0.53	296.1	4.49	9.38	0.32	0.48	17.98
1.0	31	7	0.44	255.39	2.91	14.37	0.38	0.54	26.8
1.0	12	3	0.58	310.98	1.99	12.01	0.34	0.47	10.55
1.0	21	4	0.39	276.46	3.98	11.12	0.37	0.52	17.85
1.0	21	7	0.62	260.84	3.49	10.79	0.3	0.6	18.66
1.0	17	4	0.5	282.44	2.31	14.32	0.38	0.5	15.16
1.0	3	9	0.58	312.79	2.18	13.9	0.3	0.56	4.56
1.0	14	4	0.53	209.45	3.84	14.42	0.28	0.53	12.52
1.0	30	8	0.48	296.26	2.96	9.44	0.31	0.39	25.99
1.0	25	6	0.49	320.58	4.66	13.35	0.29	0.53	25.41
1.0	28	6	0.45	248.98	2.49	12.68	0.38	0.5	25.18
1.0	26	4	0.6	235.88	2.56	13.07	0.3	0.5	24.58
1.0	27	6	0.37	237.4	2.38	12.72	0.37	0.45	22.92
1.0	17	9	0.37	253.68	3.61	9.98	0.33	0.59	18.52
1.0	18	7	0.53	278.4	4.79	8.72	0.34	0.44	15.98
1.0	4	5	0.61	273.04	2.9	11.68	0.31	0.4	4.26
1.0	18	8	0.4	263.86	2.07	12.23	0.32	0.55	16.26
1.0	31	6	0.41	263.37	2.72	10.6	0.31	0.37	31.6
1.0	12	9	0.38	270.55	1.96	13.38	0.38	0.48	12.76
1.0	7	9	0.6	278.04	3.02	11.9	0.27	0.53	8.13
1.0	5	4	0.5	205.75	1.8	9.48	0.27	0.47	6.09
1.0	27	6	0.44	255.65	2.39	11.15	0.28	0.58	23.6
1.0	8	3	0.46	252.45	4.97	9.35	0.31	0.6	8.05
1.0	17	3	0.62	305.85	4.3	11.54	0.37	0.36	15.01
1.0	11	7	0.52	318.12	3.57	12.67	0.33	0.41	10.94
1.0	3	7	0.55	310.87	3.81	10.9	0.31	0.43	5.0
1.0	30	8	0.47	214.07	4.7	11.39	0.38	0.58	27.09
1.0	4	3	0.62	237.55	2.5	12.27	0.34	0.4	5.05
1.0	26	9	0.46	262.03	4.49	14.48	0.37	0.38	23.5
1.0	4	9	0.62	197.82	2.51	12.57	0.33	0.38	7.0
1.0	6	5	0.63	275.57	4.77	12.62	0.38	0.4	6.37
1.0	22	7	0.44	264.73	1.87	8.73	0.39	0.51	22.7
1.0	24	8	0.47	243.13	3.14	13.66	0.4	0.55	22.35
1.0	21	9	0.51	286.03	4.84	11.88	0.29	0.59	20.35
1.0	27	7	0.43	244.25	2.84	9.06	0.4	0.42	26.22
1.0	30	6	0.5	286.09	2.12	11.86	0.3	0.42	26.09
1.0	15	4	0.42	261.04	1.49	13.31	0.28	0.53	12.83
1.0	28	5	0.35	284.37	4.39	10.53	0.37	0.42	25.05
1.0	3	6	0.57	309.13	3.96	14.72	0.32	0.49	3.75
1.0	24	4	0.59	252.56	1.77	8.25	0.28	0.36	22.46
1.0	16	4	0.61	233.37	2.82	10.72	0.39	0.4	14.59
1.0	20	8	0.53	184.81	2.01	11.76	0.27	0.5	21.28
1.0	4	9	0.63	281.06	1.59	9.76	0.35	0.39	5.33
1.0	12	6	0.45	255.36	3.05	14.15	0.39	0.58	12.45
1.0	25	6	0.44	274.33	3.89	8.83	0.32	0.47	25.25
1.0	20	7	0.61	230.91	2.14	13.87	0.35	0.39	19.52
1.0	13	4	0.41	238.8	2.99	12.26	0.28	0.47	12.51
1.0	21	9	0.4	311.73	2.72	14.87	0.35	0.57	20.05
1.0	22	4	0.36	217.71	1.85	12.25	0.29	0.54	19.61
1.0	7	7	0.53	289.56	2.72	12.87	0.27	0.53	8.24
1.0	4	3	0.58	321.51	4.65	12.36	0.35	0.59	4.64
1.0	22	5	0.39	277.49	4.0	10.13	0.34	0.35	21.21
1.0	8	9	0.58	209.79	4.78	10.13	0.36	0.6	8.79
1.0	13	3	0.35	302.89	2.13	11.32	0.33	0.44	12.35
1.0	11	7	0.43	271.73	1.98	13.45	0.34	0.48	11.92
1.0	18	3	0.57	298.06	1.97	13.22	0.32	0.37	15.18
1.0	23	9	0.53	330.68	3.05	8.5	0.33	0.47	24.64
1.0	8	4	0.53	201.13	2.36	9.85	0.31	0.53	9.37
1.0	28	6	0.44	236.77	3.55	10.39	0.39	0.36	26.9
1.0	15	7	0.48	297.61	3.14	13.6	0.37	0.47	15.38
1.0	14	5	0.51	322.44	2.02	14.3	0.35	0.5	13.04
1.0	5	6	0.43	195.74	4.49	9.76	0.37	0.55	6.28
1.0	17	9	0.63	198.43	4.26	8.95	0.29	0.47	17.17
1.0	30	6	0.42	271.55	4.65	14.19	0.33	0.36	27.29
1.0	6	3	0.61	324.37	4.6	14.85	0.38	0.45	6.73
1.0	24	7	0.41	187.37	4.65	12.56	0.37	0.55	20.99
1.0	17	9	0.53	268.15	1.45	8.74	0.31	0.42	15.86
1.0	12	5	0.51	251.34	2.58	10.41	0.32	0.41	11.51
1.0	31	7	0.48	283.33	3.95	11.26	0.27	0.41	27.95
1.0	30	9	0.43	282.74	3.04	12.73	0.29	0.4	26.54
1.0	19	7	0.42	256.98	1.82	10.65	0.31	0.5	18.36
1.0	21	4	0.44	232.56	1.39	11.0	0.31	0.37	18.1
1.0	23	4	0.39	298.17	4.32	13.32	0.4	0.43	20.56
1.0	30	3	0.48	307.57	1.71	13.7	0.31	0.4	26.11
1.0	17	5	0.62	324.98	2.49	11.62	0.38	0.59	17.37
1.0	30	3	0.39	253.22	3.67	11.91	0.36	0.59	26.15
1.0	16	3	0.39	210.62	3.56	9.39	0.32	0.56	13.41
1.0	4	7	0.42	195.24	2.47	8.91	0.36	0.49	4.91
1.0	16	3	0.49	264.18	2.02	9.51	0.39	0.35	13.37
1.0	29	7	0.42	326.43	4.26	9.4	0.3	0.52	27.64
1.0	19	4	0.55	235.7	2.14	14.67	0.39	0.4	17.37
1.0	23	7	0.49	293.32	1.72	10.04	0.37	0.56	19.96
1.0	16	3	0.47	288.68	3.22	8.76	0.29	0.38	13.53
1.0	18	4	0.62	240.38	2.25	10.93	0.34	0.54	15.23
1.0	9	9	0.54	293.58	4.26	11.06	0.32	0.37	9.82
1.0	6	7	0.6	261.46	3.83	13.26	0.28	0.57	6.54
1.0	25	9	0.58	239.74	2.81	8.68	0.35	0.49	24.51
1.0	8	5	0.39	299.07	1.44	11.34	0.39	0.38	7.7
1.0	11	7	0.38	203.97	3.16	8.79	0.29	0.55	11.18
1.0	17	5	0.38	315.72	1.48	11.8	0.32	0.41	15.37
1.0	4	6	0.4	222.97	1.46	9.93	0.37	0.53	5.15
1.0	27	5	0.42	280.68	3.91	12.88	0.3	0.52	24.23
1.0	17	8	0.55	291.23	2.03	9.21	0.29	0.47	15.37
1.0	23	7	0.56	328.85	3.93	8.75	0.38	0.43	20.27
1.0	13	8	0.36	207.69	1.48	12.4	0.28	0.48	13.42
1.0	6	4	0.38	197.74	2.63	14.59	0.29	0.41	6.28
1.0	18	4	0.52	252.75	4.51	9.03	0.27	0.57	16.93
1.0	7	8	0.56	259.54	3.52	10.76	0.39	0.58	7.41
1.0	8	7	0.56	184.21	3.29	9.46	0.33	0.48	8.66
1.0	17	8	0.58	282.57	4.85	9.31	0.32	0.39	16.94
1.0	20	6	0.55	305.56	3.05	13.31	0.37	0.46	17.94
1.0	8	7	0.44	243.69	3.4	13.52	0.29	0.49	8.15
1.0	16	4	0.47	327.9	3.14	12.36	0.33	0.47	14.11
1.0	16	8	0.45	197.84	4.47	11.2	0.29	0.37	16.41
1.0	23	8	0.63	262.31	3.44	13.68	0.28	0.49	22.09
1.0	5	7	0.4	191.18	2.1	9.26	0.39	0.5	5.65
1.0	18	9	0.37	257.76	4.43	13.5	0.32	0.42	16.48
1.0	26	8	0.61	193.63	4.15	13.26	0.37	0.53	23.02
1.0	20	3	0.47	325.01	1.94	11.15	0.29	0.44	18.36
1.0	30	7	0.59	238.85	2.32	14.02	0.33	0.51	27.22
1.0	29	5	0.56	310.94	2.22	10.87	0.29	0.41	26.02
1.0	20	9	0.46	291.49	1.8	12.09	0.29	0.38	19.24
1.0	16	5	0.61	301.89	4.39	14.62	0.35	0.47	14.64
1.0	4	3	0.39	289.05	3.46	9.04	0.37	0.52	4.25
1.0	30	6	0.56	307.82	1.52	13.35	0.36	0.51	28.42
1.0	15	5	0.43	240.22	4.72	10.04	0.37	0.56	13.49
1.0	21	3	0.42	264.41	4.87	12.97	0.35	0.47	17.94
1.0	24	3	0.54	298.87	1.51	13.55	0.38	0.51	24.0
1.0	20	8	0.4	245.08	2.58	10.17	0.32	0.55	20.04
1.0	30	6	0.53	327.26	3.84	10.42	0.36	0.41	26.28
1.0	19	8	0.44	216.6	3.36	9.96	0.37	0.36	20.18
1.0	6	7	0.59	324.06	4.46	11.39	0.3	0.42	6.39
1.0	13	7	0.59	216.43	3.13	9.05	0.28	0.36	13.6
1.0	3	5	0.6	216.06	3.39	11.99	0.28	0.54	3.83
1.0	25	8	0.5	220.21	1.57	12.22	0.37	0.45	22.66
1.0	18	4	0.39	193.6	2.7	8.43	0.27	0.5	15.23
1.0	19	8	0.53	209.2	4.24	9.04	0.32	0.55	21.55
1.0	12	4	0.58	251.94	2.07	13.15	0.28	0.36	10.79
1.0	12	6	0.58	297.58	2.7	14.12	0.36	0.45	13.12
1.0	24	5	0.41	273.14	4.77	10.33	0.34	0.53	20.59
1.0	9	9	0.5	224.09	4.2	10.25	0.4	0.53	9.33
1.0	28	7	0.44	221.76	2.61	10.51	0.35	0.47	24.01
1.0	30	9	0.61	193.07	2.56	12.35	0.29	0.47	30.34
1.0	7	3	0.48	246.45	4.26	8.63	0.37	0.35	6.52
1.0	7	7	0.41	298.32	3.94	14.95	0.33	0.56	7.37
1.0	12	5	0.4	330.39	2.06	10.64	0.39	0.57	10.68
1.0	3	5	0.42	189.19	4.76	11.82	0.4	0.47	3.89
1.0	21	3	0.48	224.78	2.35	9.01	0.29	0.39	20.5
1.0	25	4	0.57	278.03	2.68	12.0	0.35	0.36	21.75
1.0	19	4	0.46	193.26	1.72	9.66	0.31	0.49	17.41
1.0	25	4	0.62	314.26	2.54	13.35	0.32	0.52	24.71
1.0	21	3	0.53	275.28	1.48	14.81	0.35	0.55	20.25
1.0	14	8	0.35	187.28	3.56	11.74	0.33	0.37	13.1
1.0	29	6	0.53	228.7	1.86	11.81	0.36	0.41	29.15
1.0	5	5	0.38	249.63	2.35	8.62	0.4	0.39	5.48
1.0	8	5	0.58	229.74	3.23	9.69	0.36	0.51	7.77
1.0	19	3	0.53	184.23	1.62	11.47	0.35	0.45	16.76
1.0	18	3	0.57	255.95	2.31	11.01	0.35	0.41	15.9
1.0	10	9	0.57	331.12	2.2	14.81	0.28	0.46	10.22
1.0	5	9	0.55	284.62	2.7	14.4	0.34	0.53	7.5
1.0	14	3	0.54	305.43	4.55	9.66	0.35	0.57	13.03
1.0	5	8	0.43	218.36	4.69	9.88	0.37	0.53	5.81
1.0	16	5	0.36	266.04	4.46	12.64	0.35	0.48	15.79
1.0	30	3	0.38	200.07	4.96	12.52	0.36	0.5	25.09
1.0	30	3	0.57	196.4	2.84	8.87	0.37	0.47	25.62
1.0	25	4	0.51	303.1	3.93	14.33	0.39	0.35	20.84
1.0	21	7	0.51	182.89	3.75	14.73	0.36	0.46	19.29
1.0	6	3	0.47	321.94	3.64	9.62	0.35	0.43	6.08
1.0	23	3	0.62	279.17	1.41	14.15	0.28	0.43	23.98
1.0	29	7	0.52	247.02	1.53	11.03	0.37	0.45	30.96
1.0	20	7	0.55	185.72	3.38	13.44	0.37	0.6	19.2
1.0	25	7	0.48	263.96	4.86	12.41	0.39	0.49	23.03
1.0	27	8	0.51	191.08	4.15	11.6	0.39	0.56	24.08
1.0	27	7	0.38	319.38	3.33	12.23	0.36	0.42	26.06
1.0	13	3	0.51	259.49	3.01	9.84	0.34	0.37	12.84
1.0	14	3	0.61	269.09	1.36	8.96	0.32	0.36	12.04
1.0	4	5	0.61	233.49	2.96	9.58	0.31	0.56	4.61
1.0	30	7	0.43	299.39	3.26	10.73	0.35	0.44	28.51
1.0	8	5	0.5	237.98	2.62	8.62	0.33	0.58	8.66
1.0	18	8	0.5	214.64	4.11	13.29	0.35	0.36	17.41
1.0	20	8	0.36	236.21	2.95	12.61	0.31	0.53	18.98
1.0	27	3	0.37	288.97	3.49	8.47	0.28	0.52	23.65
1.0	27	9	0.53	293.6	3.02	13.31	0.33	0.51	26.48
1.0	26	7	0.59	267.34	3.47	8.13	0.36	0.44	23.58
1.0	16	3	0.55	196.29	4.73	14.13	0.34	0.35	14.21
1.0	6	5	0.44	239.1	4.48	12.02	0.32	0.52	5.98
1.0	27	8	0.47	245.38	3.36	9.21	0.32	0.48	23.46
1.0	9	3	0.46	328.84	4.86	14.5	0.38	0.49	7.83
1.0	10	3	0.37	267.18	3.86	10.74	0.39	0.39	10.35
1.0	14	5	0.58	280.48	1.92	9.12	0.28	0.39	13.1
1.0	23	4	0.41	288.02	3.05	13.25	0.27	0.53	19.92
1.0	18	3	0.57	189.71	1.64	11.16	0.37	0.49	16.28
1.0	27	3	0.44	192.98	3.56	14.65	0.36	0.43	22.41
1.0	16	3	0.43	207.81	2.11	8.72	0.3	0.47	14.21
1.0	29	8	0.51	318.3	2.1	10.07	0.36	0.43	25.19
1.0	23	3	0.4	289.16	1.65	14.52	0.38	0.57	19.73
1.0	9	5	0.56	185.07	2.04	9.79	0.36	0.43	9.15
1.0	26	8	0.43	248.27	4.95	11.89	0.33	0.45	22.96
1.0	6	6	0.56	246.04	2.91	9.24	0.32	0.39	6.6
1.0	11	5	0.51	298.31	3.69	10.16	0.33	0.42	10.22
1.0	4	4	0.37	282.74	2.33	12.94	0.4	0.41	4.52
1.0	6	4	0.45	298.32	1.65	12.31	0.29	0.36	6.42
1.0	27	6	0.6	282.08	4.01	9.87	0.36	0.41	23.36
1.0	10	6	0.38	302.53	3.18	10.33	0.36	0.42	9.87
1.0	26	9	0.46	306.19	4.97	10.39	0.4	0.48	23.33
1.0	23	8	0.61	288.96	4.86	9.34	0.32	0.37	24.49
1.0	8	8	0.36	285.33	2.97	13.54	0.28	0.41	8.35
1.0	14	6	0.62	189.15	2.77	14.03	0.32	0.46	13.2
1.0	25	9	0.59	325.12	3.75	8.64	0.29	0.55	24.38
1.0	27	4	0.56	274.0	4.44	13.63	0.35	0.5	24.58
1.0	11	8	0.57	181.98	1.61	8.16	0.35	0.41	11.99
1.0	18	4	0.52	247.77	2.97	12.12	0.33	0.56	17.17
1.0	30	4	0.51	315.9	3.82	10.05	0.38	0.38	28.22
1.0	31	5	0.51	262.28	2.02	11.07	0.38	0.55	29.84
1.0	14	4	0.45	203.37	4.8	8.05	0.32	0.53	12.22
1.0	10	7	0.42	308.68	4.71	13.6	0.35	0.58	9.68
1.0	23	7	0.49	182.22	3.85	13.11	0.31	0.46	20.23
1.0	30	6	0.58	262.25	2.93	9.88	0.36	0.42	30.55
1.0	4	4	0.42	307.37	3.35	10.89	0.27	0.38	4.16
1.0	31	4	0.52	271.8	4.7	12.6	0.32	0.54	26.24
1.0	20	5	0.6	220.31	3.55	14.67	0.37	0.56	19.3
1.0	21	8	0.63	326.67	3.92	11.39	0.3	0.4	21.98
1.0	31	8	0.45	203.18	1.79	10.29	0.29	0.43	27.0
1.0	14	7	0.41	284.86	2.52	8.89	0.33	0.58	16.14
1.0	26	9	0.47	246.15	2.63	11.93	0.4	0.6	23.25
1.0	28	5	0.39	200.08	4.92	11.77	0.32	0.37	24.53
1.0	10	7	0.4	303.23	3.69	11.23	0.34	0.43	9.82
1.0	23	5	0.54	238.98	1.99	9.47	0.32	0.5	23.82
1.0	13	9	0.44	316.18	2.47	12.06	0.27	0.59	14.89
1.0	29	4	0.44	252.05	2.08	9.68	0.37	0.41	25.62
1.0	11	8	0.43	226.07	4.45	11.38	0.3	0.53	12.73
1.0	22	5	0.49	210.4	3.52	8.36	0.31	0.46	19.24
1.0	6	8	0.61	317.06	1.67	13.22	0.31	0.54	8.2
1.0	16	4	0.55	180.1	3.35	9.01	0.29	0.56	14.98
1.0	16	4	0.46	313.08	4.04	8.59	0.38	0.44	14.67
1.0	7	3	0.35	327.32	4.78	11.0	0.27	0.49	7.2
1.0	5	9	0.58	247.8	2.75	14.5	0.34	0.56	7.23
1.0	6	8	0.6	237.61	3.88	12.98	0.3	0.6	6.63
1.0	11	3	0.44	291.32	2.06	11.69	0.39	0.46	9.37
1.0	7	9	0.48	244.65	3.59	12.02	0.39	0.46	8.15
1.0	9	9	0.53	194.34	1.52	8.53	0.36	0.58	10.76
1.0	15	3	0.52	254.94	3.06	9.51	0.32	0.36	15.2
1.0	23	5	0.36	217.19	4.5	10.87	0.35	0.49	20.33
1.0	21	5	0.53	216.16	4.81	13.86	0.39	0.47	18.58
1.0	13	7	0.47	265.29	3.99	12.37	0.4	0.52	11.92
1.0	19	8	0.42	220.29	1.96	13.54	0.3	0.41	17.57
1.0	15	6	0.57	182.52	3.23	8.14	0.32	0.43	13.38
1.0	5	8	0.45	197.67	4.13	10.03	0.32	0.43	7.54
1.0	12	8	0.6	202.68	3.65	10.14	0.39	0.53	12.29
1.0	22	4	0.41	267.31	1.34	9.71	0.29	0.49	21.72
1.0	25	9	0.35	327.2	2.16	11.35	0.31	0.52	23.65
1.0	26	3	0.35	219.66	2.24	8.96	0.31	0.36	22.46
1.0	9	6	0.47	311.1	1.37	10.76	0.35	0.46	9.26
1.0	6	5	0.62	328.41	3.77	9.33	0.39	0.49	6.19
1.0	28	6	0.36	301.3	2.46	9.37	0.35	0.5	26.38
1.0	31	6	0.35	266.29	4.1	9.27	0.34	0.54	28.33
1.0	6	4	0.53	255.15	1.36	14.71	0.38	0.37	5.93
1.0	4	5	0.49	286.25	4.01	8.36	0.31	0.54	4.61
1.0	31	8	0.52	247.62	4.27	12.39	0.37	0.55	28.01
1.0	15	3	0.43	316.81	3.53	14.75	0.39	0.57	12.91
1.0	7	7	0.44	311.13	3.22	8.02	0.39	0.58	7.68
1.0	11	9	0.42	208.71	3.91	9.56	0.35	0.5	11.44
1.0	25	3	0.44	292.67	3.19	14.54	0.34	0.41	21.15
1.0	7	5	0.53	289.92	4.84	14.14	0.36	0.49	7.63
1.0	20	3	0.53	260.93	3.34	10.42	0.32	0.49	19.89
1.0	6	8	0.43	302.27	2.34	14.96	0.35	0.52	6.73
1.0	10	9	0.5	314.22	4.43	14.76	0.32	0.59	10.49
1.0	27	6	0.53	301.45	2.42	15.0	0.37	0.47	23.54
1.0	21	7	0.46	235.41	3.31	14.26	0.39	0.38	21.47
1.0	14	6	0.45	247.14	3.57	10.54	0.38	0.43	12.94
1.0	15	4	0.56	305.92	2.68	8.27	0.28	0.55	13.37
1.0	11	8	0.42	247.14	2.96	13.88	0.34	0.46	12.18
1.0	14	5	0.48	283.98	2.33	9.41	0.3	0.38	13.2
1.0	19	6	0.38	227.4	1.42	9.68	0.35	0.36	16.83
1.0	20	5	0.56	197.8	1.97	13.23	0.35	0.4	19.99
1.0	12	5	0.48	233.71	2.89	13.72	0.32	0.6	12.36
1.0	8	8	0.5	221.52	1.99	13.44	0.39	0.55	8.26
1.0	18	9	0.51	302.04	3.11	9.47	0.33	0.39	16.77
1.0	17	6	0.59	208.07	3.66	13.6	0.33	0.43	15.24
1.0	20	9	0.46	321.18	3.84	12.78	0.28	0.52	19.36
1.0	15	9	0.36	237.93	2.54	11.47	0.34	0.45	14.38
1.0	26	3	0.42	199.64	4.68	13.96	0.38	0.35	21.77
1.0	22	6	0.58	236.96	4.54	11.01	0.37	0.55	19.37
1.0	22	6	0.36	222.19	2.06	11.65	0.31	0.51	20.12
1.0	17	4	0.39	261.93	1.5	8.3	0.39	0.44	15.92
1.0	28	5	0.54	260.69	2.74	8.04	0.32	0.52	25.62
1.0	29	4	0.47	191.41	4.37	14.95	0.36	0.55	26.21
1.0	26	6	0.5	294.34	2.31	11.4	0.32	0.4	23.86
1.0	9	3	0.61	301.69	4.39	9.1	0.3	0.47	8.13
1.0	19	7	0.51	193.53	4.59	12.55	0.28	0.58	18.65
1.0	21	4	0.6	296.92	3.86	12.75	0.33	0.39	20.0
1.0	25	4	0.41	220.87	3.77	11.04	0.35	0.44	21.48
1.0	21	4	0.37	305.97	1.43	14.77	0.36	0.45	18.79
1.0	28	6	0.42	286.67	3.56	12.36	0.4	0.56	27.72
1.0	7	5	0.56	222.69	2.14	12.47	0.4	0.37	8.09
1.0	23	7	0.48	321.69	3.38	13.75	0.38	0.43	20.42
1.0	15	7	0.4	243.62	2.28	8.49	0.36	0.48	16.07
1.0	18	9	0.37	194.38	3.01	10.57	0.3	0.37	18.72
1.0	27	3	0.55	313.04	3.6	13.31	0.4	0.45	23.34
1.0	22	3	0.57	317.78	1.37	14.52	0.33	0.53	20.28
1.0	13	8	0.63	291.69	4.22	8.06	0.3	0.43	12.23
1.0	14	5	0.45	196.29	1.41	9.99	0.34	0.45	12.7
1.0	12	5	0.42	302.34	2.82	8.86	0.35	0.56	11.08
1.0	15	5	0.53	195.43	4.91	12.55	0.39	0.4	13.44
1.0	23	8	0.45	209.08	4.77	12.9	0.29	0.51	22.19
1.0	19	4	0.46	314.91	2.92	11.33	0.34	0.49	18.33
1.0	29	8	0.55	307.03	3.77	9.54	0.38	0.52	27.03
1.0	18	8	0.5	280.96	4.25	8.96	0.36	0.44	16.22
1.0	16	3	0.42	246.04	1.42	13.39	0.31	0.41	15.86
1.0	28	7	0.4	230.73	3.08	13.51	0.27	0.38	25.89
1.0	20	6	0.37	315.22	3.77	11.14	0.4	0.5	17.42
1.0	21	8	0.54	326.33	2.45	10.61	0.34	0.52	19.5
1.0	6	8	0.47	206.77	4.94	11.92	0.27	0.41	6.65
1.0	6	4	0.59	229.54	3.18	14.89	0.35	0.41	6.04
1.0	3	5	0.6	238.3	4.17	8.92	0.33	0.52	3.66
1.0	24	7	0.37	269.46	3.66	10.11	0.37	0.51	21.64
1.0	8	9	0.37	242.82	2.49	12.47	0.38	0.54	10.06
1.0	19	9	0.43	181.27	3.17	9.87	0.4	0.5	19.16
1.0	21	7	0.37	266.18	4.45	8.88	0.29	0.51	19.73
1.0	10	7	0.54	303.29	1.66	13.76	0.39	0.35	10.5
1.0	14	9	0.53	238.44	4.86	9.99	0.33	0.5	14.42
1.0	18	9	0.44	261.35	2.45	14.64	0.28	0.44	20.24
1.0	30	3	0.44	187.18	1.49	11.1	0.32	0.36	27.22
1.0	10	3	0.47	286.62	1.42	13.22	0.37	0.41	9.67
1.0	13	8	0.52	254.01	3.87	8.66	0.27	0.49	15.19
1.0	28	5	0.55	327.37	1.59	9.06	0.38	0.41	24.1
1.0	11	7	0.63	299.21	2.47	10.37	0.31	0.53	13.01
1.0	30	6	0.53	295.36	4.16	13.2	0.37	0.49	27.02
1.0	13	5	0.62	278.82	3.03	10.59	0.35	0.56	12.48
1.0	4	7	0.57	209.37	4.7	12.82	0.28	0.4	5.36
1.0	7	8	0.63	264.05	3.66	14.25	0.36	0.5	9.3
1.0	28	7	0.54	293.2	3.57	14.01	0.36	0.57	25.92
1.0	3	3	0.5	192.33	1.97	9.78	0.37	0.48	3.17
1.0	10	7	0.6	192.35	3.2	11.74	0.29	0.53	11.84
1.0	28	4	0.43	332.61	4.28	8.42	0.3	0.38	26.03
1.0	3	7	0.56	268.86	1.37	10.16	0.39	0.54	4.38
1.0	31	7	0.39	185.49	2.48	13.0	0.31	0.54	27.47
1.0	30	8	0.43	330.39	2.34	11.86	0.36	0.47	28.12
1.0	15	9	0.4	182.77	4.3	13.35	0.31	0.53	14.24
1.0	13	3	0.48	322.75	3.46	10.65	0.38	0.45	11.26
1.0	24	7	0.47	280.31	4.23	11.82	0.32	0.58	21.09
1.0	23	7	0.61	276.88	2.69	8.91	0.3	0.57	20.4
1.0	31	4	0.58	262.07	3.05	8.09	0.37	0.45	27.51
1.0	16	4	0.6	255.25	4.81	8.12	0.31	0.49	13.63
1.0	15	4	0.48	318.34	2.77	9.82	0.3	0.57	15.49
1.0	9	3	0.45	206.57	2.15	10.15	0.35	0.48	9.31
1.0	20	4	0.5	308.36	4.48	9.51	0.32	0.57	17.78
1.0	12	9	0.59	190.35	1.82	13.57	0.36	0.45	13.02
1.0	15	4	0.53	236.47	3.69	10.67	0.27	0.58	13.01
1.0	14	3	0.58	313.76	1.63	11.53	0.36	0.42	12.32
1.0	3	3	0.51	191.0	2.21	13.6	0.31	0.43	3.6
1.0	10	5	0.58	228.06	3.05	8.01	0.28	0.57	9.13
1.0	10	8	0.41	194.94	3.21	12.09	0.29	0.42	10.67
1.0	11	5	0.43	228.22	4.79	9.03	0.31	0.49	9.89
1.0	23	7	0.54	250.6	1.81	13.45	0.28	0.48	21.48
1.0	22	9	0.57	299.06	3.48	9.46	0.36	0.4	22.13
1.0	9	8	0.46	281.35	2.72	13.25	0.38	0.56	11.22
1.0	16	4	0.36	189.15	1.93	12.66	0.29	0.47	14.2
1.0	5	3	0.53	202.14	3.91	8.0	0.34	0.58	4.69
1.0	25	5	0.6	205.5	1.65	12.66	0.28	0.51	26.5
1.0	11	6	0.5	253.44	3.56	14.29	0.39	0.35	10.46
1.0	25	8	0.53	267.52	4.04	14.89	0.34	0.41	21.9
1.0	17	5	0.45	200.81	3.98	13.76	0.31	0.56	16.26
1.0	14	6	0.41	262.73	3.27	13.67	0.33	0.45	13.45
1.0	27	6	0.51	191.56	3.95	13.47	0.39	0.37	23.36
1.0	30	9	0.47	306.09	1.59	12.23	0.35	0.55	26.58
1.0	31	7	0.39	206.65	3.93	13.24	0.3	0.56	28.08
1.0	29	6	0.49	239.34	3.19	12.78	0.37	0.6	25.36
1.0	20	5	0.54	213.07	4.1	9.0	0.35	0.5	18.08
1.0	10	6	0.35	289.63	3.9	12.62	0.36	0.59	11.51
1.0	12	7	0.42	291.37	4.36	12.95	0.4	0.51	11.47
1.0	17	8	0.46	200.9	2.75	9.91	0.33	0.38	15.48
1.0	15	7	0.49	243.74	4.08	12.63	0.35	0.57	14.17
1.0	23	8	0.43	278.69	2.49	13.23	0.39	0.46	21.45
1.0	4	6	0.39	202.1	2.45	13.92	0.35	0.44	5.35
1.0	19	8	0.63	195.79	2.21	12.14	0.3	0.52	19.12
1.0	9	9	0.45	193.77	1.88	14.76	0.29	0.44	9.47
1.0	26	8	0.48	284.59	4.61	8.57	0.36	0.55	24.67
1.0	22	9	0.49	205.47	4.53	13.47	0.29	0.52	19.93
1.0	7	7	0.45	262.43	2.05	8.45	0.3	0.5	7.74
1.0	5	6	0.62	214.83	3.39	10.73	0.4	0.41	5.7
1.0	30	4	0.45	196.47	3.57	13.73	0.39	0.46	29.4
1.0	10	8	0.43	300.11	4.9	9.93	0.34	0.58	10.18
1.0	10	6	0.51	212.94	2.51	11.6	0.35	0.6	11.92
1.0	8	7	0.5	327.79	2.3	11.86	0.33	0.43	8.12
1.0	21	3	0.42	185.23	3.66	8.21	0.34	0.42	19.61
1.0	8	9	0.52	302.84	3.12	8.15	0.38	0.4	9.52
1.0	24	9	0.61	298.61	2.62	14.97	0.34	0.59	25.15
1.0	15	6	0.5	327.39	4.59	12.18	0.34	0.42	15.92
1.0	19	7	0.41	293.2	3.91	8.38	0.36	0.41	17.03
1.0	7	8	0.52	225.02	3.94	9.73	0.33	0.58	9.07
1.0	16	5	0.38	323.48	2.24	8.66	0.28	0.59	15.1
1.0	10	3	0.6	216.05	2.62	10.23	0.35	0.44	9.23
1.0	6	8	0.49	315.25	3.83	11.26	0.39	0.5	6.59
1.0	25	5	0.62	321.46	1.49	12.09	0.4	0.47	21.85
1.0	18	3	0.48	236.16	1.64	10.9	0.31	0.57	16.09
1.0	25	7	0.44	206.7	1.81	13.03	0.28	0.43	23.27
1.0	17	4	0.61	267.24	3.15	10.68	0.39	0.37	15.09
1.0	31	6	0.6	185.5	1.85	8.55	0.35	0.58	28.89
1.0	30	3	0.42	301.73	1.95	10.75	0.36	0.41	24.93
1.0	29	9	0.35	248.15	1.47	10.57	0.3	0.56	27.46
1.0	22	9	0.41	252.73	4.52	9.93	0.31	0.36	22.76
1.0	10	3	0.39	283.04	2.72	8.52	0.37	0.52	9.93
1.0	19	8	0.46	291.59	1.52	11.86	0.34	0.53	20.91
1.0	21	9	0.37	327.63	2.7	9.2	0.27	0.52	19.65
1.0	18	7	0.36	210.77	3.47	10.82	0.3	0.55	16.74
1.0	25	4	0.39	279.19	2.22	12.28	0.29	0.51	24.06
1.0	3	5	0.38	315.48	1.45	11.14	0.39	0.53	3.7
1.0	9	3	0.46	310.92	4.41	14.44	0.33	0.58	8.01
1.0	19	8	0.47	210.29	2.21	11.99	0.37	0.45	18.75
1.0	20	3	0.48	193.5	4.05	9.86	0.36	0.48	19.22
1.0	27	3	0.4	250.74	4.6	13.31	0.34	0.36	22.92
1.0	8	6	0.45	222.71	4.29	9.58	0.36	0.57	7.95
1.0	17	4	0.48	262.64	1.81	11.27	0.29	0.59	15.4
1.0	25	4	0.55	308.08	1.59	14.86	0.27	0.43	22.58
1.0	29	7	0.5	231.5	3.34	9.34	0.37	0.38	27.05
1.0	11	9	0.58	315.02	3.16	14.62	0.38	0.39	12.3
1.0	9	6	0.63	259.21	2.28	12.75	0.4	0.47	8.85
1.0	24	4	0.56	221.78	3.65	10.95	0.32	0.42	20.6
1.0	10	5	0.57	220.88	4.5	11.16	0.38	0.59	9.96
1.0	25	7	0.56	301.94	4.42	13.92	0.34	0.47	24.06
1.0	3	4	0.5	257.16	1.42	8.75	0.35	0.47	3.81
1.0	7	5	0.5	212.81	2.41	8.91	0.27	0.41	7.56
1.0	12	3	0.55	327.43	4.97	13.65	0.29	0.41	12.34
1.0	6	7	0.46	324.82	4.87	13.33	0.31	0.44	6.61
1.0	15	9	0.5	247.2	1.52	12.36	0.36	0.41	14.64
1.0	6	8	0.43	324.67	2.14	10.69	0.36	0.57	8.47
1.0	9	4	0.56	241.09	4.3	8.29	0.29	0.4	8.62
1.0	23	5	0.47	198.01	2.65	12.84	0.34	0.36	21.98
1.0	28	7	0.57	323.47	3.54	14.19	0.39	0.46	24.06
1.0	11	5	0.49	228.62	4.9	12.47	0.28	0.51	10.41
1.0	7	7	0.51	279.7	1.75	12.83	0.28	0.39	7.67
1.0	26	6	0.46	328.02	1.77	8.11	0.3	0.38	22.73
1.0	29	9	0.49	189.11	2.66	13.06	0.3	0.59	28.13
1.0	8	5	0.56	204.07	2.3	12.77	0.39	0.58	8.67
1.0	28	5	0.42	214.71	1.96	8.06	0.34	0.4	24.31
1.0	31	9	0.56	254.41	4.21	11.73	0.28	0.57	31.25
1.0	27	5	0.45	182.84	4.95	8.41	0.36	0.58	22.97
1.0	27	5	0.61	311.81	4.46	12.7	0.32	0.41	23.91
1.0	25	9	0.47	188.62	3.85	14.56	0.39	0.6	22.22
1.0	10	5	0.39	262.19	3.84	12.99	0.3	0.38	10.9
1.0	16	7	0.49	205.66	2.1	12.27	0.38	0.6	16.36
1.0	6	9	0.55	296.71	3.87	12.83	0.28	0.45	7.18
1.0	8	4	0.38	234.5	3.22	10.04	0.29	0.57	7.69
1.0	21	7	0.59	297.45	1.45	14.35	0.29	0.4	19.98
1.0	15	7	0.46	188.68	4.38	14.66	0.35	0.38	14.09
1.0	26	9	0.36	224.58	4.62	14.26	0.28	0.57	24.01
1.0	4	7	0.44	228.06	3.36	14.98	0.28	0.52	4.8
1.0	14	5	0.35	314.2	3.24	12.02	0.35	0.43	13.43
1.0	21	8	0.62	196.43	3.97	9.52	0.4	0.38	21.16
1.0	5	6	0.39	260.07	2.44	14.79	0.34	0.46	5.84
1.0	22	5	0.52	189.73	2.44	13.58	0.36	0.41	18.76
1.0	24	3	0.42	321.54	2.44	10.96	0.33	0.41	20.17
1.0	18	6	0.55	327.11	3.69	13.59	0.36	0.54	16.41
1.0	28	5	0.62	181.27	1.36	13.19	0.28	0.56	23.99
1.0	14	8	0.48	215.02	4.48	13.85	0.36	0.43	14.45
1.0	5	8	0.47	259.1	1.64	10.81	0.38	0.5	5.95
1.0	26	8	0.58	255.26	3.68	12.65	0.29	0.52	24.17
1.0	4	8	0.45	301.38	1.71	9.9	0.38	0.35	5.54
1.0	10	6	0.38	288.94	3.37	13.51	0.31	0.52	9.91
1.0	11	7	0.44	234.0	3.39	8.36	0.32	0.55	11.72
1.0	31	3	0.52	205.04	4.55	8.64	0.39	0.49	31.09
1.0	12	9	0.38	210.85	2.88	14.33	0.35	0.48	12.47
1.0	15	5	0.52	248.39	1.98	11.06	0.38	0.5	13.83
1.0	10	9	0.47	319.96	2.65	14.64	0.39	0.36	10.65
1.0	4	7	0.48	331.11	4.64	12.55	0.39	0.49	5.14
1.0	11	6	0.47	322.63	1.54	12.6	0.29	0.58	11.07
1.0	28	4	0.35	235.21	3.6	8.66	0.36	0.38	23.85
1.0	21	3	0.6	215.03	4.47	8.2	0.36	0.39	20.32
1.0	30	3	0.62	275.08	1.55	8.17	0.38	0.38	24.85
1.0	13	4	0.45	262.78	4.38	14.02	0.33	0.51	14.39
1.0	21	9	0.45	252.51	2.78	11.58	0.38	0.37	19.28
1.0	30	8	0.38	297.3	4.53	14.26	0.36	0.56	29.08
1.0	4	5	0.35	272.44	3.16	14.39	0.31	0.5	4.54
1.0	26	7	0.61	245.65	1.89	10.44	0.35	0.4	23.99
1.0	19	9	0.35	200.68	4.45	10.61	0.31	0.46	17.66
1.0	8	7	0.56	184.09	1.42	11.1	0.36	0.41	8.32
1.0	11	8	0.48	293.64	4.12	10.68	0.27	0.43	11.58
1.0	25	9	0.43	199.94	4.14	10.48	0.37	0.37	22.57
1.0	3	9	0.6	210.85	3.54	14.46	0.35	0.53	5.79
1.0	5	6	0.58	308.72	2.63	12.42	0.3	0.59	5.35
1.0	24	4	0.36	321.18	3.64	13.67	0.4	0.47	24.53
1.0	21	4	0.39	267.82	3.7	12.96	0.29	0.57	19.39
1.0	9	3	0.39	241.23	4.7	14.54	0.29	0.41	8.29
1.0	9	7	0.45	285.69	1.37	8.9	0.35	0.41	9.02
1.0	22	3	0.43	182.32	2.42	8.63	0.29	0.59	18.35
1.0	27	7	0.41	310.4	3.64	9.4	0.31	0.43	26.34
1.0	30	6	0.44	234.12	1.95	12.85	0.39	0.41	26.01
1.0	6	4	0.45	320.16	2.91	14.93	0.31	0.55	5.81
1.0	22	3	0.48	273.46	4.56	8.96	0.38	0.42	21.97
1.0	12	4	0.35	312.24	4.15	13.77	0.28	0.57	12.36
1.0	7	4	0.43	290.04	2.9	8.12	0.33	0.45	6.56
1.0	13	5	0.4	297.94	3.23	14.65	0.39	0.42	11.95
1.0	23	4	0.4	191.04	1.95	9.3	0.32	0.5	20.0
1.0	26	3	0.5	295.82	4.74	13.32	0.37	0.56	23.4
1.0	15	7	0.45	226.66	3.58	10.53	0.36	0.5	16.66
1.0	6	9	0.55	228.19	4.3	14.93	0.36	0.41	7.46
1.0	18	6	0.4	219.34	1.42	8.7	0.36	0.51	18.36
1.0	22	4	0.44	321.72	2.2	11.0	0.31	0.44	19.01
1.0	14	6	0.4	186.97	3.62	10.27	0.38	0.59	13.74
1.0	28	9	0.61	260.63	4.77	9.71	0.33	0.45	28.11
1.0	18	6	0.42	302.02	4.36	8.59	0.39	0.51	15.71
1.0	29	5	0.39	189.14	1.55	14.44	0.34	0.6	26.1
1.0	27	3	0.56	267.16	3.01	14.65	0.31	0.5	24.06
1.0	17	3	0.43	208.45	4.63	9.87	0.31	0.48	14.78
1.0	20	4	0.57	289.0	4.2	10.17	0.31	0.39	18.24
1.0	6	3	0.4	210.08	4.44	9.19	0.36	0.53	6.89
1.0	3	8	0.61	267.9	1.95	8.47	0.29	0.57	5.25
1.0	17	6	0.4	257.15	2.25	9.19	0.34	0.51	16.78
1.0	28	5	0.45	208.48	1.46	12.17	0.38	0.48	24.1
1.0	9	3	0.41	277.23	3.17	11.91	0.3	0.52	7.92
1.0	29	7	0.35	325.85	3.34	11.8	0.38	0.46	25.2
1.0	4	5	0.36	239.01	3.61	8.37	0.36	0.44	4.74
1.0	19	8	0.44	329.81	4.35	11.63	0.35	0.47	17.54
1.0	13	7	0.39	233.42	3.98	14.74	0.27	0.45	13.13
1.0	17	6	0.5	261.07	3.9	14.26	0.35	0.39	15.71
1.0	3	7	0.46	290.63	2.38	11.25	0.37	0.38	4.53
1.0	17	3	0.42	295.47	4.53	14.37	0.31	0.51	15.81
1.0	6	9	0.4	319.18	3.59	13.49	0.37	0.43	7.23
1.0	9	5	0.42	270.55	4.89	12.44	0.38	0.53	10.27
1.0	14	8	0.6	187.96	3.85	8.54	0.35	0.56	13.98
1.0	18	7	0.51	303.33	4.56	8.38	0.33	0.35	19.34
1.0	27	4	0.37	309.0	4.03	12.82	0.37	0.38	24.15
1.0	15	8	0.58	291.53	1.85	12.25	0.28	0.58	13.95
1.0	13	7	0.56	233.72	1.53	8.11	0.35	0.39	13.43
1.0	25	8	0.46	212.65	3.71	14.21	0.31	0.47	23.13
1.0	29	4	0.6	198.04	3.93	14.89	0.33	0.51	26.7
1.0	24	5	0.49	202.5	3.73	9.04	0.29	0.36	21.98
1.0	26	9	0.36	250.08	3.39	11.85	0.35	0.46	22.95
1.0	24	9	0.62	320.72	1.47	13.91	0.31	0.58	22.62
1.0	26	6	0.51	224.67	2.48	8.33	0.4	0.58	22.89
1.0	13	8	0.4	327.0	3.54	8.09	0.29	0.44	13.14
1.0	8	9	0.36	225.8	4.04	12.61	0.34	0.4	8.52
1.0	31	8	0.49	275.0	1.53	11.86	0.29	0.44	27.53
1.0	31	4	0.38	285.16	4.22	13.98	0.29	0.39	25.74
1.0	3	3	0.62	233.25	1.44	9.41	0.39	0.5	3.61
1.0	14	8	0.46	275.02	4.56	10.65	0.36	0.37	13.18
1.0	28	8	0.53	237.49	2.92	8.45	0.31	0.43	24.83
1.0	11	6	0.58	322.26	2.76	12.76	0.28	0.47	11.08
1.0	31	6	0.62	276.8	2.86	14.73	0.39	0.5	26.37
1.0	11	7	0.46	199.79	2.52	10.0	0.3	0.49	10.5
1.0	6	3	0.58	316.27	2.95	10.07	0.35	0.49	5.51
1.0	13	7	0.45	197.53	1.72	13.36	0.38	0.56	12.15
1.0	11	7	0.46	216.38	1.84	12.3	0.37	0.4	11.36
1.0	10	3	0.36	300.85	4.09	8.85	0.33	0.47	8.93
1.0	12	3	0.6	239.86	2.28	14.06	0.31	0.51	10.25
1.0	29	8	0.48	230.77	3.84	13.14	0.38	0.56	25.87
1.0	13	9	0.45	184.66	1.81	14.11	0.29	0.46	12.62
1.0	5	6	0.47	237.79	4.28	14.08	0.29	0.55	6.21
1.0	11	6	0.52	307.04	3.75	9.06	0.31	0.56	10.48
1.0	4	5	0.58	257.24	2.71	12.29	0.37	0.51	4.3
1.0	6	8	0.41	284.56	1.35	14.22	0.39	0.38	6.91
1.0	14	3	0.57	289.36	2.33	13.84	0.39	0.4	14.52
1.0	30	5	0.35	195.83	4.45	12.5	0.35	0.43	25.6
1.0	19	7	0.53	194.65	4.34	9.17	0.37	0.39	18.41
1.0	29	8	0.51	212.24	3.34	8.91	0.34	0.42	25.88
1.0	21	6	0.56	220.17	2.49	14.62	0.33	0.4	19.05
1.0	25	4	0.49	230.45	4.3	11.31	0.36	0.44	20.88
1.0	29	6	0.36	329.66	2.41	12.29	0.31	0.57	26.51
1.0	30	8	0.62	187.22	1.48	12.11	0.35	0.56	27.34
1.0	28	7	0.54	211.09	2.8	13.06	0.33	0.36	25.93
1.0	21	7	0.37	279.37	1.36	8.99	0.3	0.43	21.21
1.0	28	3	0.61	208.37	1.43	14.99	0.39	0.39	27.32
1.0	16	9	0.42	280.71	2.22	9.27	0.35	0.45	16.22
1.0	31	7	0.4	265.41	3.74	12.41	0.3	0.48	28.03
1.0	29	3	0.48	299.7	1.99	14.61	0.33	0.57	25.95
1.0	8	7	0.48	205.45	2.82	10.83	0.36	0.46	8.42
1.0	28	6	0.39	288.18	3.71	9.85	0.3	0.47	28.13
1.0	13	7	0.39	196.42	4.01	11.93	0.36	0.59	12.57
1.0	5	7	0.48	248.69	4.06	9.18	0.3	0.56	6.19
1.0	11	5	0.48	186.93	1.68	13.58	0.39	0.38	9.95
1.0	5	4	0.54	322.77	2.56	11.16	0.33	0.52	5.07
1.0	25	3	0.56	265.11	2.05	9.35	0.32	0.53	23.57
1.0	31	8	0.46	316.24	1.7	8.72	0.32	0.37	29.49
1.0	26	4	0.38	296.05	4.97	13.73	0.35	0.39	22.8
1.0	7	3	0.54	307.46	3.21	9.81	0.32	0.57	6.67
1.0	8	4	0.41	283.71	2.97	12.95	0.39	0.43	8.16
1.0	13	6	0.5	226.32	4.24	12.92	0.34	0.47	11.72
1.0	9	8	0.63	307.3	2.25	12.28	0.32	0.42	10.53
1.0	21	4	0.57	242.14	3.16	12.25	0.37	0.51	18.11
1.0	25	4	0.57	183.85	3.92	8.22	0.38	0.38	20.95
1.0	15	8	0.56	287.14	4.63	10.03	0.33	0.47	14.6
1.0	8	5	0.58	319.73	4.85	13.57	0.38	0.37	8.19
1.0	7	6	0.47	274.38	1.67	11.9	0.37	0.41	7.28
1.0	5	3	0.36	287.21	4.98	9.45	0.38	0.52	5.44
1.0	21	4	0.43	180.65	4.12	8.17	0.32	0.38	19.96
1.0	13	4	0.35	309.32	1.59	9.48	0.28	0.5	11.63
1.0	12	7	0.37	251.4	4.18	8.77	0.4	0.54	12.07
1.0	11	3	0.4	320.93	2.29	12.62	0.28	0.57	9.69
1.0	19	3	0.42	187.49	4.98	11.74	0.36	0.54	15.77
1.0	16	4	0.52	201.13	4.19	14.16	0.27	0.55	14.23
1.0	30	4	0.48	298.46	3.47	9.3	0.34	0.36	27.83
1.0	10	9	0.62	217.5	4.54	8.54	0.4	0.58	10.09
1.0	26	6	0.39	293.95	2.73	11.5	0.32	0.39	23.17
1.0	20	6	0.56	250.97	4.96	11.06	0.36	0.36	21.08
1.0	16	8	0.47	293.65	4.61	14.46	0.3	0.47	14.98
1.0	21	4	0.62	276.92	4.06	10.2	0.4	0.37	20.53
1.0	6	5	0.38	282.07	1.35	9.31	0.29	0.44	5.93
1.0	28	3	0.39	217.19	4.64	10.04	0.34	0.38	24.09
1.0	13	4	0.51	286.57	3.01	13.72	0.35	0.39	12.31
1.0	14	3	0.47	258.32	1.43	9.61	0.36	0.51	12.54
1.0	9	8	0.53	214.77	2.72	9.44	0.29	0.42	9.18
1.0	29	6	0.4	330.02	1.57	9.77	0.33	0.58	26.98
1.0	19	8	0.46	277.05	2.26	10.88	0.37	0.44	17.44
1.0	26	7	0.41	329.15	4.2	11.81	0.36	0.37	25.21
1.0	28	7	0.36	220.37	3.17	8.79	0.35	0.41	26.87
1.0	27	7	0.36	306.71	4.49	11.83	0.36	0.52	23.43
1.0	18	4	0.62	272.33	3.36	13.58	0.29	0.41	17.74
1.0	22	8	0.61	268.94	3.19	12.46	0.33	0.52	20.14
1.0	17	3	0.51	291.08	3.65	8.02	0.3	0.37	14.67
1.0	17	5	0.56	327.2	2.84	11.57	0.35	0.38	16.76
1.0	5	3	0.52	280.79	3.75	14.37	0.28	0.37	5.17
1.0	24	8	0.36	255.1	1.42	12.74	0.35	0.41	21.05
1.0	23	9	0.53	298.2	3.66	14.78	0.29	0.46	22.17
1.0	14	3	0.58	301.62	3.27	11.4	0.34	0.44	13.12
1.0	29	8	0.42	299.32	2.45	10.05	0.34	0.48	29.51
1.0	30	6	0.58	232.57	2.7	14.79	0.4	0.49	28.71
1.0	26	8	0.56	201.11	2.23	10.0	0.32	0.48	23.38
1.0	11	9	0.49	205.75	2.32	13.85	0.38	0.55	11.72
1.0	8	3	0.44	188.27	2.48	10.61	0.39	0.39	7.38
1.0	14	7	0.59	234.49	2.14	9.26	0.37	0.46	13.31
1.0	28	7	0.63	224.08	3.22	13.48	0.29	0.46	24.07
1.0	29	8	0.63	312.51	1.92	9.25	0.38	0.59	25.93
1.0	22	5	0.47	218.14	2.82	8.57	0.38	0.55	20.2
1.0	9	3	0.57	249.63	3.42	9.0	0.32	0.49	8.74
1.0	23	3	0.52	274.12	4.38	12.53	0.32	0.58	21.97
1.0	13	7	0.53	182.54	2.79	9.59	0.3	0.43	13.1
1.0	16	8	0.43	199.08	1.87	10.06	0.38	0.5	16.27
1.0	15	3	0.5	273.02	4.6	13.12	0.34	0.45	12.99
1.0	6	4	0.53	273.23	3.3	13.13	0.29	0.43	6.53
1.0	30	7	0.41	290.88	4.48	9.6	0.37	0.52	29.77
1.0	29	6	0.48	326.45	3.02	11.11	0.35	0.47	26.67
1.0	6	6	0.45	293.12	3.68	9.91	0.36	0.46	7.41
1.0	14	3	0.48	330.05	3.59	11.7	0.38	0.48	14.46
1.0	3	9	0.54	284.32	4.68	13.35	0.36	0.56	4.46
1.0	15	3	0.47	199.26	1.65	14.22	0.36	0.57	12.64
1.0	22	8	0.44	232.8	2.51	10.89	0.37	0.38	21.42
1.0	31	8	0.47	271.79	4.39	14.41	0.31	0.48	29.01
1.0	5	8	0.61	322.24	3.44	8.51	0.27	0.38	6.49
1.0	18	3	0.43	232.9	4.59	10.34	0.38	0.48	16.16
1.0	23	7	0.56	302.28	4.47	9.05	0.29	0.36	20.36
1.0	9	4	0.48	245.88	3.66	9.43	0.37	0.45	8.54
1.0	13	6	0.57	280.9	3.66	14.39	0.39	0.43	12.45
1.0	21	6	0.47	288.73	1.88	9.26	0.38	0.5	20.3
1.0	23	8	0.43	273.62	4.91	13.99	0.34	0.58	21.42
1.0	12	6	0.42	327.24	2.52	11.43	0.28	0.58	11.97
1.0	14	9	0.47	198.39	4.53	12.74	0.31	0.39	15.13
1.0	14	4	0.37	186.35	2.05	12.41	0.34	0.56	13.82
1.0	30	9	0.44	327.77	4.78	12.18	0.27	0.5	26.66
1.0	5	7	0.58	326.81	2.46	11.64	0.27	0.51	5.88
1.0	26	5	0.59	267.11	4.31	11.58	0.3	0.35	21.87
1.0	26	6	0.45	224.58	2.45	11.04	0.29	0.42	22.24
1.0	13	9	0.48	241.58	2.32	14.64	0.28	0.55	12.68
1.0	10	8	0.52	236.32	2.81	14.65	0.28	0.48	12.11
1.0	12	8	0.6	190.24	1.65	10.36	0.3	0.54	11.59
1.0	26	3	0.41	206.44	3.18	8.64	0.3	0.36	21.42
1.0	26	8	0.36	332.58	3.84	14.88	0.3	0.4	24.97
1.0	7	6	0.42	180.88	4.27	9.39	0.34	0.59	8.7
1.0	9	7	0.59	217.07	2.84	10.22	0.29	0.41	10.23
1.0	31	3	0.43	288.78	3.02	10.92	0.4	0.36	25.86
1.0	21	7	0.54	236.04	2.88	10.81	0.33	0.43	21.82
1.0	12	7	0.5	181.46	3.31	11.05	0.4	0.35	11.36
1.0	6	7	0.54	256.61	4.03	12.18	0.28	0.36	6.37
1.0	21	5	0.36	231.85	4.35	14.62	0.35	0.44	18.18
1.0	19	6	0.45	203.37	1.95	13.16	0.33	0.53	18.35
1.0	4	8	0.52	327.34	4.96	12.57	0.28	0.53	5.16
1.0	7	3	0.52	320.0	3.47	9.96	0.35	0.5	6.43
1.0	28	3	0.61	324.97	2.27	12.08	0.37	0.48	24.22
1.0	23	8	0.63	196.22	3.26	11.05	0.3	0.53	23.35
1.0	17	9	0.35	304.27	2.11	11.98	0.37	0.59	16.19
1.0	27	7	0.37	259.76	4.97	11.4	0.35	0.59	26.97
1.0	19	9	0.47	282.6	4.87	8.8	0.34	0.36	20.5
1.0	3	5	0.57	275.83	4.2	8.32	0.36	0.48	3.89
1.0	13	7	0.63	244.27	2.64	9.64	0.34	0.49	12.59
1.0	27	6	0.6	210.96	2.29	14.84	0.38	0.51	25.15
1.0	20	3	0.53	277.36	3.82	9.52	0.37	0.59	17.43
1.0	17	3	0.36	333.43	3.28	14.24	0.34	0.46	15.83
1.0	18	3	0.62	258.19	4.27	10.02	0.33	0.59	16.27
1.0	18	6	0.58	286.2	1.38	14.18	0.35	0.47	16.66
1.0	14	8	0.49	237.21	2.17	10.59	0.3	0.37	14.74
1.0	21	9	0.38	242.13	2.54	14.2	0.33	0.52	19.3
1.0	22	3	0.43	188.56	4.62	12.57	0.28	0.53	19.46
1.0	24	5	0.58	223.07	4.63	13.17	0.36	0.5	20.45
1.0	9	3	0.55	276.8	2.38	12.52	0.31	0.42	8.72
1.0	22	6	0.48	301.15	2.69	9.19	0.27	0.41	19.4
1.0	12	7	0.62	283.38	3.02	13.71	0.31	0.57	12.04
1.0	7	3	0.54	321.84	1.5	9.93	0.36	0.48	8.06
1.0	9	7	0.36	195.06	1.75	9.85	0.37	0.53	9.36
1.0	29	6	0.57	220.63	3.67	14.74	0.28	0.52	27.69
1.0	27	5	0.58	226.79	4.77	13.17	0.3	0.39	23.19
1.0	29	6	0.53	278.19	2.69	10.66	0.32	0.37	25.07
1.0	24	4	0.59	197.24	1.5	11.6	0.37	0.37	24.46
1.0	11	6	0.59	268.51	4.75	11.33	0.35	0.38	10.4
1.0	24	5	0.56	230.29	1.71	14.87	0.33	0.6	21.12
1.0	24	6	0.62	290.81	2.5	9.8	0.34	0.37	21.73
1.0	17	8	0.55	306.9	1.47	13.71	0.37	0.56	15.63
1.0	17	7	0.46	190.15	1.93	14.67	0.33	0.59	15.94
1.0	5	3	0.43	322.06	2.24	10.14	0.38	0.42	4.97
1.0	15	7	0.62	277.99	3.69	12.87	0.34	0.45	14.47
1.0	26	7	0.35	186.76	1.83	10.22	0.32	0.45	25.7
1.0	23	5	0.48	235.46	3.21	8.14	0.3	0.38	20.57
1.0	6	7	0.36	211.53	2.15	9.29	0.37	0.53	8.07
1.0	27	3	0.39	187.3	3.82	8.45	0.35	0.49	22.13
1.0	31	7	0.37	198.7	3.78	13.74	0.37	0.45	27.41
1.0	31	5	0.52	310.42	2.06	8.11	0.38	0.41	27.26
1.0	22	3	0.36	206.04	2.28	12.06	0.32	0.56	18.66
1.0	7	3	0.46	318.19	2.91	11.81	0.39	0.54	6.39
1.0	27	9	0.52	298.84	2.29	11.84	0.27	0.5	24.58
1.0	4	6	0.38	209.06	4.62	14.71	0.33	0.41	4.85
1.0	31	3	0.43	257.71	3.68	8.93	0.29	0.52	26.45
1.0	4	3	0.37	208.03	4.56	8.67	0.33	0.48	4.34
1.0	18	4	0.38	220.41	3.26	13.36	0.31	0.39	16.79
1.0	6	4	0.61	226.54	3.85	14.84	0.28	0.48	6.08
1.0	27	9	0.63	193.25	2.5	12.59	0.28	0.55	24.71
1.0	30	8	0.43	239.37	2.19	14.7	0.38	0.51	25.87
1.0	3	7	0.58	268.21	2.52	12.76	0.31	0.49	4.85
1.0	17	9	0.6	190.46	4.04	12.85	0.27	0.51	16.46
1.0	28	3	0.59	332.82	2.79	12.73	0.32	0.57	25.12
1.0	25	5	0.5	243.37	4.53	13.17	0.38	0.56	21.72
1.0	30	4	0.59	292.96	3.8	13.22	0.32	0.58	25.75
1.0	18	3	0.56	180.5	2.51	8.82	0.36	0.36	15.28
1.0	9	8	0.55	279.68	2.77	8.75	0.38	0.46	9.09
1.0	14	3	0.41	221.2	2.34	8.59	0.31	0.56	11.99
1.0	21	9	0.44	312.69	4.16	13.91	0.38	0.51	19.15
1.0	13	9	0.51	200.78	3.32	10.62	0.38	0.39	13.12
1.0	26	5	0.37	300.12	4.01	13.05	0.32	0.46	27.16
1.0	11	6	0.37	322.83	4.4	12.31	0.34	0.37	11.11
1.0	31	7	0.58	216.08	4.43	9.95	0.39	0.5	27.74
1.0	17	6	0.48	297.57	4.7	12.53	0.32	0.43	15.75
1.0	23	3	0.61	324.21	3.07	11.48	0.38	0.43	22.52
1.0	13	7	0.43	328.37	4.28	9.95	0.28	0.42	12.3
1.0	24	8	0.57	253.55	4.14	11.81	0.28	0.35	25.47
1.0	13	8	0.61	252.18	2.12	11.91	0.27	0.45	13.75
1.0	9	4	0.41	252.66	2.04	11.52	0.37	0.35	10.37
1.0	7	7	0.56	185.1	3.85	8.78	0.32	0.47	8.07
1.0	25	5	0.5	246.69	3.63	12.57	0.4	0.45	22.82
1.0	18	9	0.58	208.41	4.95	12.89	0.34	0.45	19.78
1.0	24	6	0.61	291.27	1.54	8.74	0.37	0.55	21.77
1.0	27	7	0.42	279.39	3.56	9.81	0.33	0.39	26.62
1.0	6	8	0.6	323.27	1.89	8.52	0.35	0.52	6.94
1.0	16	5	0.5	327.0	2.96	13.06	0.35	0.47	14.57
1.0	21	8	0.53	253.92	4.51	11.95	0.38	0.58	19.04
1.0	12	9	0.38	292.04	4.91	12.47	0.35	0.43	13.41
1.0	9	5	0.42	235.53	3.42	8.16	0.32	0.52	8.5
1.0	23	7	0.55	262.01	1.94	14.63	0.38	0.37	20.89
1.0	10	4	0.6	281.07	1.44	10.76	0.29	0.4	10.53
1.0	31	5	0.41	292.27	3.84	9.62	0.28	0.54	26.87
1.0	15	3	0.47	194.1	3.06	11.35	0.39	0.47	14.06
1.0	31	6	0.46	329.84	3.9	13.89	0.34	0.41	26.61
1.0	10	4	0.41	314.28	4.78	8.86	0.3	0.48	8.82
1.0	25	9	0.42	232.49	3.82	14.6	0.29	0.52	23.32
1.0	28	8	0.46	259.06	2.33	9.13	0.36	0.51	24.5
1.0	18	5	0.49	296.5	2.87	9.12	0.39	0.44	16.87
1.0	7	5	0.42	251.36	1.79	8.4	0.29	0.44	6.71
1.0	28	3	0.59	281.41	4.37	12.73	0.36	0.51	25.37
1.0	14	3	0.6	327.26	3.57	11.31	0.36	0.37	12.75
1.0	28	3	0.46	327.3	2.73	14.32	0.36	0.39	25.84
1.0	29	4	0.48	181.08	4.28	11.65	0.35	0.52	24.07
1.0	7	4	0.36	317.59	1.51	10.13	0.35	0.49	8.43
1.0	7	9	0.42	275.22	1.58	14.3	0.27	0.49	8.64
1.0	14	3	0.53	265.88	2.88	11.27	0.36	0.38	12.6
1.0	14	7	0.38	222.82	2.69	9.27	0.38	0.53	13.6
1.0	30	3	0.53	230.23	1.55	11.65	0.36	0.36	27.08
1.0	28	9	0.6	211.9	1.76	9.7	0.38	0.41	24.52
1.0	25	3	0.53	243.26	1.68	13.53	0.28	0.55	20.92
1.0	12	7	0.61	229.23	3.1	12.12	0.39	0.52	12.5
1.0	30	7	0.59	227.54	4.91	14.11	0.37	0.57	27.11
1.0	10	9	0.41	221.41	3.11	8.75	0.37	0.36	10.08
1.0	5	5	0.48	311.09	3.76	14.13	0.28	0.44	5.94
1.0	15	7	0.53	250.69	1.68	13.24	0.31	0.59	15.4
1.0	17	6	0.37	283.64	3.89	9.69	0.35	0.52	16.56
1.0	24	5	0.37	213.58	3.28	12.8	0.36	0.44	22.39
1.0	9	7	0.55	191.49	1.89	13.38	0.33	0.58	9.91
1.0	15	7	0.53	305.32	2.14	8.32	0.34	0.35	13.54
1.0	19	3	0.45	292.65	4.3	12.88	0.34	0.59	18.19
1.0	18	6	0.6	289.44	4.64	12.66	0.39	0.54	17.63
1.0	21	6	0.56	190.08	2.57	12.58	0.33	0.52	19.39
1.0	12	7	0.45	259.85	1.37	11.3	0.32	0.53	13.96
1.0	26	6	0.58	204.51	1.65	10.82	0.35	0.52	22.45
1.0	12	8	0.53	260.25	1.98	13.21	0.29	0.38	11.44
1.0	25	8	0.42	193.12	4.98	14.05	0.37	0.43	22.93
1.0	17	3	0.39	278.28	2.2	12.89	0.33	0.53	16.93
1.0	4	3	0.4	210.84	3.98	12.55	0.36	0.57	4.55
1.0	29	3	0.37	188.69	4.63	11.06	0.28	0.4	24.36
1.0	22	8	0.41	322.03	3.53	12.8	0.32	0.58	21.91
1.0	3	4	0.55	333.28	4.94	9.78	0.35	0.36	4.02
1.0	30	3	0.39	215.95	2.93	13.94	0.4	0.59	26.04
1.0	20	8	0.53	199.73	3.39	10.25	0.39	0.44	18.15
1.0	21	5	0.36	293.92	3.58	11.71	0.3	0.42	19.11
1.0	6	8	0.62	193.21	3.25	13.33	0.39	0.42	6.66
1.0	29	7	0.54	282.6	3.0	10.22	0.34	0.51	25.41
1.0	23	4	0.41	214.13	4.83	14.35	0.28	0.54	20.68
1.0	28	4	0.59	327.03	1.68	8.35	0.38	0.57	24.12
1.0	21	9	0.6	187.29	4.74	13.67	0.38	0.53	21.19
1.0	7	7	0.59	287.92	4.15	9.23	0.39	0.47	8.26
1.0	30	4	0.39	227.01	4.09	13.38	0.33	0.51	27.52
1.0	19	4	0.5	255.57	2.44	10.8	0.35	0.57	16.1
1.0	23	8	0.5	312.09	3.45	8.87	0.32	0.55	23.47
1.0	13	7	0.4	322.45	2.02	12.81	0.39	0.46	12.48
1.0	26	3	0.54	228.41	2.02	9.29	0.36	0.4	21.76
1.0	21	7	0.58	225.34	3.64	10.94	0.34	0.46	19.14
1.0	5	4	0.55	205.98	3.98	9.04	0.39	0.47	5.49
1.0	16	8	0.44	319.3	4.93	13.34	0.38	0.39	14.65
1.0	6	3	0.39	212.91	3.04	14.76	0.36	0.4	5.69
1.0	6	7	0.62	253.37	3.82	14.95	0.39	0.47	6.64
1.0	16	3	0.56	316.68	2.39	13.8	0.4	0.54	13.65
1.0	25	7	0.58	296.03	4.22	11.22	0.34	0.58	25.39
1.0	29	6	0.62	193.44	4.7	9.02	0.3	0.37	25.53
1.0	28	9	0.49	261.02	2.72	11.21	0.29	0.35	25.94
1.0	13	4	0.42	321.01	1.83	13.76	0.35	0.4	14.3
1.0	31	9	0.51	278.5	4.94	10.27	0.34	0.4	27.84
1.0	8	7	0.6	320.16	1.74	12.8	0.37	0.53	8.08
1.0	11	5	0.6	311.3	3.65	13.39	0.39	0.51	10.2
1.0	21	5	0.58	218.16	3.2	12.54	0.4	0.56	18.18
1.0	19	6	0.62	262.49	2.91	11.75	0.28	0.56	17.87
1.0	31	6	0.61	245.67	3.8	8.73	0.39	0.56	30.0
1.0	9	6	0.37	218.73	4.93	11.52	0.37	0.47	9.12
1.0	4	7	0.51	296.3	4.7	11.25	0.37	0.45	5.44
1.0	22	5	0.6	244.88	4.17	9.49	0.34	0.38	19.38
1.0	19	6	0.54	216.71	1.94	13.93	0.39	0.53	17.19
1.0	18	4	0.59	213.68	3.63	8.85	0.38	0.51	15.28
1.0	28	4	0.47	243.43	2.07	9.08	0.29	0.59	26.13
1.0	18	7	0.53	310.69	2.36	9.21	0.33	0.5	16.33
1.0	18	7	0.45	289.85	2.35	9.61	0.37	0.43	17.85
1.0	12	6	0.58	202.3	2.83	9.39	0.39	0.47	13.52
1.0	5	3	0.4	280.15	2.92	9.4	0.27	0.51	4.76
1.0	13	7	0.55	241.92	3.08	10.68	0.3	0.45	12.59
1.0	13	8	0.42	293.69	4.29	11.84	0.38	0.51	14.65
1.0	13	6	0.52	313.82	2.78	8.87	0.35	0.51	11.93
1.0	18	7	0.47	274.55	2.14	12.34	0.35	0.47	16.51
1.0	22	3	0.59	202.05	1.79	13.63	0.4	0.46	18.24
1.0	26	5	0.58	232.16	2.55	9.65	0.31	0.41	22.61
1.0	7	4	0.5	234.09	2.24	9.58	0.33	0.49	7.31
1.0	9	6	0.55	209.54	3.5	9.45	0.31	0.39	10.23
1.0	14	8	0.5	211.44	2.07	10.13	0.3	0.53	13.49
1.0	13	3	0.51	283.8	2.96	12.07	0.28	0.36	11.23
1.0	13	9	0.61	272.9	1.9	9.21	0.37	0.55	13.22
1.0	20	8	0.56	278.46	1.58	9.48	0.28	0.54	19.49
1.0	4	5	0.51	203.48	1.91	12.23	0.27	0.49	5.31
1.0	10	5	0.63	249.04	3.04	9.98	0.34	0.57	10.0
1.0	4	7	0.37	292.64	4.33	14.36	0.31	0.39	4.73
1.0	21	6	0.6	285.7	3.27	11.46	0.28	0.36	18.14
1.0	25	5	0.46	251.47	3.81	8.48	0.33	0.47	23.45
1.0	6	3	0.36	218.31	4.13	10.18	0.34	0.49	5.99
1.0	11	7	0.36	191.59	4.18	11.0	0.39	0.51	10.88
1.0	7	7	0.61	291.4	3.12	9.92	0.34	0.47	7.48
1.0	22	9	0.61	180.26	2.29	13.51	0.35	0.47	20.39
1.0	13	9	0.38	231.8	1.63	11.7	0.33	0.53	13.72
1.0	31	9	0.48	333.1	4.73	12.61	0.32	0.4	27.76
1.0	26	3	0.61	298.35	2.21	13.25	0.37	0.56	23.51
1.0	31	9	0.54	254.37	1.44	14.42	0.3	0.47	27.05
1.0	24	7	0.41	183.74	2.84	12.0	0.32	0.59	23.62
1.0	27	6	0.62	283.35	4.37	10.82	0.28	0.46	24.18
1.0	21	3	0.48	225.0	4.86	11.82	0.35	0.52	17.66
1.0	9	9	0.54	266.55	1.8	12.04	0.27	0.6	9.9
1.0	5	5	0.59	326.48	2.11	13.9	0.38	0.44	5.34
1.0	4	5	0.39	324.74	3.89	13.14	0.4	0.36	5.2
1.0	17	6	0.5	325.46	3.51	11.26	0.29	0.57	15.93
1.0	24	3	0.48	277.06	3.68	9.07	0.34	0.46	20.31
1.0	28	9	0.56	265.23	3.9	8.76	0.28	0.52	27.23
1.0	20	5	0.59	184.92	2.68	14.84	0.29	0.38	17.88
1.0	15	6	0.6	328.47	4.48	12.6	0.37	0.43	14.32
1.0	16	5	0.48	250.29	2.35	9.4	0.39	0.58	14.91
1.0	13	6	0.45	280.52	1.37	11.61	0.39	0.59	12.73
1.0	13	8	0.61	227.11	4.15	14.69	0.31	0.58	13.01
1.0	3	7	0.35	278.3	3.31	12.18	0.34	0.5	4.62
1.0	12	6	0.48	213.47	3.91	14.35	0.29	0.5	11.3
1.0	11	8	0.4	260.3	2.55	10.01	0.34	0.58	10.87
1.0	20	5	0.5	225.81	2.92	8.3	0.29	0.35	18.18
1.0	14	9	0.54	221.96	2.69	11.42	0.32	0.5	14.86
1.0	21	9	0.62	267.69	4.32	13.7	0.34	0.43	19.82
1.0	20	7	0.47	246.06	2.15	12.23	0.3	0.38	19.42
1.0	21	5	0.5	321.64	2.06	9.32	0.39	0.48	18.28
1.0	25	4	0.47	266.75	3.38	9.69	0.3	0.49	21.25
1.0	30	6	0.63	305.04	1.45	10.07	0.38	0.42	25.52
1.0	11	7	0.42	236.08	4.8	10.55	0.37	0.58	11.08
1.0	30	6	0.44	250.61	3.88	10.63	0.31	0.57	29.03
1.0	3	8	0.37	191.94	2.38	12.52	0.39	0.5	4.48
1.0	4	4	0.49	187.37	3.12	12.7	0.32	0.44	4.67
1.0	11	7	0.53	263.16	3.02	8.7	0.29	0.39	10.33
1.0	10	8	0.36	181.81	4.97	11.36	0.29	0.54	10.91
1.0	23	8	0.62	221.57	2.04	13.91	0.34	0.49	22.59
1.0	29	9	0.5	252.14	2.26	10.32	0.3	0.53	25.33
1.0	24	8	0.48	262.54	3.73	10.82	0.29	0.54	21.94
1.0	19	5	0.43	277.65	1.65	13.4	0.34	0.58	17.67
1.0	31	6	0.41	324.99	3.25	11.7	0.34	0.38	28.83
1.0	29	7	0.6	235.2	3.57	13.96	0.37	0.4	27.62
1.0	23	3	0.42	219.31	2.89	12.47	0.29	0.49	19.35
1.0	10	3	0.52	313.17	3.85	13.5	0.35	0.41	9.68
1.0	8	9	0.5	308.25	1.44	12.96	0.29	0.4	8.93
1.0	26	7	0.59	225.51	4.81	11.92	0.34	0.59	23.46
1.0	21	9	0.43	187.53	2.37	8.49	0.29	0.59	20.47
1.0	19	8	0.42	297.57	4.75	13.73	0.29	0.53	19.5
1.0	21	9	0.49	195.5	2.44	9.57	0.3	0.54	19.46
1.0	14	3	0.51	208.93	2.19	9.1	0.36	0.49	11.86
1.0	12	9	0.45	276.77	4.21	8.15	0.31	0.47	12.03
1.0	7	8	0.53	273.61	3.13	10.59	0.35	0.39	7.84
1.0	9	9	0.47	267.21	3.19	8.61	0.31	0.51	10.84
1.0	26	3	0.58	206.32	3.34	9.1	0.32	0.56	22.32
1.0	3	8	0.36	300.23	2.41	9.6	0.33	0.5	4.59
1.0	8	3	0.37	195.29	3.63	14.74	0.33	0.6	7.19
1.0	19	7	0.56	265.89	3.48	11.75	0.35	0.46	18.41
1.0	30	5	0.47	241.71	2.48	10.8	0.34	0.51	26.25
1.0	27	5	0.54	281.73	3.97	13.09	0.39	0.36	22.86
1.0	12	4	0.57	294.9	3.48	8.31	0.35	0.54	11.0
1.0	15	9	0.51	196.18	4.14	10.24	0.29	0.51	15.15
1.0	4	5	0.37	252.64	1.87	9.64	0.4	0.53	5.18
1.0	15	5	0.53	206.76	2.64	12.46	0.4	0.36	13.3
1.0	13	3	0.57	218.85	2.04	11.09	0.4	0.59	13.41
1.0	16	4	0.57	258.7	1.78	14.26	0.3	0.48	14.72
1.0	6	3	0.43	216.48	4.95	11.64	0.3	0.4	6.85
1.0	16	3	0.42	255.12	4.96	10.61	0.28	0.41	13.92
1.0	20	5	0.45	305.69	3.03	10.11	0.35	0.53	17.75
1.0	23	7	0.39	288.27	3.95	8.51	0.3	0.39	21.39
1.0	27	7	0.39	268.05	4.26	8.99	0.39	0.38	24.76
1.0	8	5	0.57	207.59	2.11	10.04	0.31	0.36	7.7
1.0	13	7	0.56	245.22	2.5	8.75	0.28	0.44	14.65
1.0	3	4	0.59	232.77	3.27	8.77	0.37	0.35	3.33
1.0	25	5	0.61	277.26	3.0	14.19	0.39	0.44	21.14
1.0	8	9	0.63	236.39	2.34	14.57	0.28	0.44	10.35
1.0	23	8	0.39	303.75	3.31	9.38	0.28	0.55	21.1
1.0	21	5	0.61	255.94	4.24	12.31	0.37	0.54	20.72
1.0	30	7	0.54	303.96	2.77	11.22	0.29	0.48	26.12
1.0	21	3	0.46	260.18	1.71	12.91	0.3	0.37	18.26
1.0	31	6	0.53	247.41	3.57	12.91	0.35	0.43	27.01
1.0	18	8	0.51	325.44	1.96	13.57	0.31	0.49	17.6
1.0	6	9	0.36	258.85	3.8	14.54	0.38	0.5	7.2
1.0	20	5	0.45	278.87	3.47	13.26	0.36	0.4	17.18
1.0	11	4	0.47	283.21	2.54	11.16	0.32	0.49	10.74
1.0	22	3	0.45	211.23	2.49	12.72	0.32	0.44	21.49
1.0	20	5	0.57	252.27	3.19	11.79	0.36	0.45	17.84
1.0	26	5	0.59	291.71	4.84	11.19	0.28	0.52	23.01
1.0	18	3	0.49	243.79	2.51	12.7	0.35	0.42	17.82
1.0	20	7	0.45	225.03	4.13	13.01	0.29	0.39	17.65
1.0	13	3	0.55	302.27	3.84	8.17	0.29	0.5	11.71
1.0	24	6	0.54	292.01	4.43	12.19	0.38	0.54	21.14
1.0	27	7	0.62	264.71	3.97	8.93	0.36	0.55	25.43
1.0	8	8	0.58	233.15	2.99	8.16	0.31	0.43	9.94
1.0	28	9	0.46	277.44	3.28	10.69	0.32	0.42	26.34
1.0	25	7	0.54	239.54	1.72	11.32	0.32	0.48	24.32
1.0	18	5	0.53	221.73	1.71	11.71	0.3	0.46	16.66
1.0	5	4	0.54	236.04	1.61	14.46	0.27	0.52	4.91
1.0	16	4	0.48	321.63	2.6	13.79	0.38	0.57	17.36
1.0	22	3	0.55	267.91	3.06	12.69	0.36	0.53	19.16
1.0	29	5	0.55	263.2	1.95	9.49	0.3	0.35	26.17
1.0	3	8	0.51	205.35	4.51	12.92	0.31	0.47	5.47
1.0	31	8	0.47	180.08	2.75	10.85	0.29	0.47	27.06
1.0	27	4	0.6	281.39	2.04	12.36	0.27	0.48	24.05
1.0	4	8	0.55	260.38	4.93	14.62	0.39	0.36	6.47
1.0	13	5	0.46	277.23	2.98	12.93	0.32	0.42	11.94
1.0	14	7	0.37	304.04	3.51	14.48	0.32	0.45	14.52
1.0	13	3	0.57	314.11	4.32	9.76	0.39	0.39	12.0
1.0	27	6	0.58	285.21	2.25	8.5	0.37	0.53	23.84
1.0	14	9	0.55	241.59	2.41	10.2	0.38	0.51	15.11
1.0	21	8	0.58	305.25	1.51	12.41	0.36	0.55	18.69
1.0	20	6	0.49	318.49	3.11	13.5	0.35	0.45	21.72
1.0	19	9	0.41	210.81	2.26	13.33	0.36	0.4	17.75
1.0	22	9	0.56	196.12	3.64	14.8	0.37	0.52	19.85
1.0	4	3	0.44	295.35	1.6	12.84	0.27	0.59	4.12
1.0	26	3	0.41	246.42	1.63	12.95	0.37	0.41	21.4
1.0	19	8	0.39	324.72	1.59	9.42	0.32	0.46	18.33
1.0	15	8	0.47	302.96	3.09	8.9	0.33	0.44	15.5
1.0	20	4	0.48	226.47	3.95	11.7	0.33	0.54	18.43
1.0	27	4	0.57	239.21	4.05	14.96	0.3	0.5	26.98
1.0	22	9	0.4	206.07	3.99	14.83	0.3	0.49	22.04
1.0	24	6	0.58	239.79	4.02	14.64	0.33	0.38	24.82
1.0	15	7	0.58	262.62	1.9	9.11	0.34	0.51	13.97
1.0	25	4	0.45	239.14	2.46	8.83	0.29	0.59	25.89
